2000000	7	3	0	0	4	4	15	110000	-1	0	-1	-1	0	0	8
2000000	1	2	0	0	4	4	4	2134700000	700	0	-1	-1	0	0	8
1485000	1	2	0	0	4	4	-1	32639619023	11000	0	-1	-1	0	0	8
1328955	1	2	0	0	4	4	-1	32639619023	11000	0	-1	-1	0	0	8
1324282	5	2	1324282	0	4	5	13	54900000000	-1	0	-1	8600	0	0	1
1209526	1	2	0	0	4	4	-1	32639619023	11000	0	-1	-1	0	0	8
1081460	5	2	0	0	4	4	-1	67000000	-1	0	-1	180000	0	1	8
1006680	1	2	1006680	5	1	5	5	0	2453	0	-1	-1	25700	3	1
1000000	1	2	0	0	4	4	-1	310000	-1	0	3	-1	0	0	8
1000000	1	2	400000	0	4	3	12	48400000	400	0	-1	-1	1000000	1	6
1000000	1	2	400000	0	4	1	5	7185561	900	0	-1	-1	1236816	2	6
1000000	1	2	400000	0	4	3	20	0	1000	0	-1	-1	1000000	1	6
911000	1	2	911000	0	4	5	3	0	3001	0	-1	285562	0	1	1
860000	1	2	344000	0	4	3	-1	-1	-1	0	-1	-1	1310000	3	6
850000	1	2	170000	0	4	3	10	18700000000	-1	0	-1	67000	850000	1	5
833480	1	2	833480	2	1	5	-1	41000000	2200	0	-1	-1	-468.75	3	1
800000	1	2	0	0	4	4	5	210734000	350	0	-1	-1	0	0	8
738746.45	1	2	738746.45	29	4	5	-1	0	750	0	-1	-1	0	0	1
723056.8	1	2	723056.8	26	4	5	20	84400000	300	0	-1	-1	9000	3	1
700000	1	2	140000	0	4	3	20	134000000	190	0	-1	-1	700000	1	5
700000	1	2	280000	0	4	3	3	113636285	2	0	-1	-1	800000	2	6
700000	1	2	0	0	4	4	-1	268300000	1109	0	1	-1	0	0	8
645375	1	2	645375	4	1	5	-1	66148329	-1	0	-1	-1	0	0	1
623592	1	2	249436.8	0	4	3	20	0	-1	0	-1	-1	933592	5	6
618058.8	1	2	618058.8	2	1	5	-1	28900000	-1	0	-1	-1	287601.56	6	1
605440	1	2	605440	0	4	5	-1	24200000000	-1	0	-1	8000	0	0	1
600000	1	2	240000	0	4	3	20	0	45	0	-1	-1	600000	1	6
599500	1	2	0	0	4	4	-1	1014875	-1	0	-1	-1	145000	1	8
548775	1	2	548775	27	4	5	20	117868000	2	0	-1	-1	0	0	1
545250	1	2	0	34	4	4	12	122730796	200	0	-1	-1	0	0	8
536667	1	2	536667	41	4	5	-1	667600000	1102	0	-1	-1	75000	2	1
536667	1	2	536667	41	4	5	-1	667600000	1102	0	-1	-1	75000	2	1
520000	7	3	0	0	4	4	12	171067235	-1	0	-1	-1	0	0	8
519730.63	1	2	0	95	4	4	-1	240000	0	0	-1	1000	500000	1	8
519730.63	1	2	0	95	4	4	-1	240000	0	0	-1	1000	500000	1	8
502376	1	2	502376	2	1	5	12	9600000	256	0	5	-1	250000	3	1
501163.34	1	2	501163.34	15	1	5	-1	20900000	211	0	0	0	100000	1	1
501163.34	1	2	501163.34	15	1	5	-1	20900000	211	0	0	0	100000	1	1
501163.34	1	2	501163.34	15	1	5	-1	20900000	211	0	0	0	100000	1	1
500000	7	3	0	0	4	4	3	28500000	-1	0	-1	-1	0	0	8
500000	1	2	100000	0	4	3	20	240000	0	0	-1	1000	500000	1	5
500000	5	2	0	0	4	4	20	283000000	3	0	-1	30479	12000	1	8
500000	7	3	100000	0	4	3	5	200000	2	0	-1	-1	500000	1	5
500000	1	2	0	0	4	4	-1	-1	400	0	-1	-1	0	0	8
500000	7	3	0	0	4	4	20	3647300000	4800	0	-1	-1	0	0	8
500000	1	2	0	0	1	4	20	11900000	150	0	-1	-1	0	1	8
500000	1	2	0	0	4	4	-1	11500000	250	0	-1	-1	0	0	8
500000	1	2	100000	0	4	3	20	20800000	150	0	8	50	500000	1	5
500000	1	2	0	0	4	4	5	900000000	3145	0	-1	-1	0	0	8
491000	5	2	196400	0	4	3	-1	8760000000	3760	0	-1	96000	491000	1	6
487375	5	2	0	0	4	4	-1	501000000	2	0	-1	6000	0	0	8
478000	1	2	191200	0	4	3	-1	2610000000	6	0	-1	25000	478000	1	6
465699	1	2	325989.3	0	4	3	10	15000000	900	0	-1	-1	465699	1	3
451323	1	2	180529.2	8	4	1	20	33000000	258	0	-1	-1	451323	1	6
451323	1	2	180529.2	8	4	1	20	33000000	258	0	-1	-1	451323	1	6
450000	1	2	90000	0	1	3	17	3300000	189	0	2	-1	450000	3	5
450000	1	2	90000	0	4	3	5	0	100	0	-1	-1	450000	1	5
450000	1	2	0	0	4	4	20	15800000	2	0	-1	-1	0	0	8
439530	7	3	175812	13	4	3	20	22400000	155	0	-1	-1	439530	1	6
425920	5	2	0	0	4	4	3	1080000000	-1	0	-1	30000	0	0	8
425580	1	2	85116	0	4	3	3	43500000	-1	0	-1	-1	425580	1	5
422220	1	2	422220	0	1	5	-1	474200000	3000	0	-1	-1	110600	4	1
422000	1	2	168800	0	4	1	17	12000000	105	0	3	-1	422000	1	6
408760	1	2	163504	0	4	3	20	585488651	-1	0	-1	-1	408760	1	6
407772	7	3	0	23	4	4	12	170000	60	0	-1	-1	0	0	8
400000	1	2	0	0	1	4	20	6900000	1485	0	70	-1	70000	1	8
400000	1	2	0	0	4	4	5	0	64	0	-1	-1	0	0	8
400000	1	2	80000	0	1	3	20	29900000	120	0	-1	-1	650000	3	5
400000	7	3	0	0	4	4	5	12900000	-1	0	-1	-1	0	0	8
400000	1	2	0	0	4	4	20	137023778	250	0	-1	-1	25000	1	8
400000	1	2	0	0	4	4	-1	1100100	398	0	-1	-1	0	0	8
400000	7	3	160000	0	4	3	3	28200000	196	0	-1	-1	400000	1	6
400000	7	3	0	0	4	4	3	0	88	0	-1	-1	0	0	8
400000	1	2	0	0	4	4	-1	15300000	0	0	-1	-1	70000	1	8
400000	5	2	0	0	1	4	-1	999000000	-1	0	-1	-1	27200	7	8
400000	1	2	0	0	4	4	5	11900000	-1	0	-1	-1	0	0	8
400000	5	2	400000	0	4	5	-1	53900000	2	0	-1	51163	0	0	1
400000	1	2	0	0	4	4	12	7000000	140	0	-1	-1	0	0	8
397522.6	1	2	0	12	4	4	-1	-1	120	0	-1	-1	106200	2	8
397500	1	2	397500	0	4	5	-1	1546800000	2	0	-1	-1	365000	3	1
397202	1	2	278041.4	17	1	1	20	776000000	300	0	-1	-1	397202	1	3
390000	1	2	0	0	4	4	-1	3000000	105	0	-1	-1	0	0	8
387000	1	2	77400	0	4	3	20	9300000	90	0	-1	-1	397000	2	5
376142.14	1	2	376142.14	28	4	5	8	-1	172	0	-1	-1	251347	3	1
375525	1	2	0	0	4	4	8	10000000	67	0	5	-1	0	0	8
369000	5	2	0	0	4	4	13	14000000000	2	0	-1	100000	0	0	8
360200	2	2	0	0	4	4	-1	882000000	2	0	-1	100000	0	0	8
351000	1	2	0	0	4	4	-1	8100000	82	0	14	-1	0	0	8
350000	1	2	0	0	4	4	10	948300000	2804	0	-1	-1	275000	2	8
350000	1	2	0	0	4	4	5	107634000	51	0	-1	-1	0	0	8
350000	7	3	0	0	4	4	-1	146725000	267	0	-1	-1	0	0	8
350000	7	3	70000	0	4	3	-1	4374999000	-1	0	-1	2600	350000	1	5
350000	1	2	70000	0	4	3	-1	-1	-1	0	-1	100	350000	1	5
350000	1	2	0	0	4	4	20	3600000	37	0	3	-1	0	0	8
350000	1	2	0	0	4	4	5	7400000	75	0	2	-1	0	0	8
350000	1	2	0	0	4	4	12	1800000	160	0	-1	-1	0	1	4
343290.6	1	2	343290.6	12	4	5	-1	11200000	350	0	10	-1	32325	4	1
342500	1	2	68500	0	4	3	8	10800000	90	0	1	-1	342500	1	5
341000	1	2	0	0	3	4	-1	0	50	0	-1	-1	0	0	8
340000	1	2	0	0	4	4	13	272091000	0	0	-1	-1	0	0	8
339926.29	1	2	135970.52	11	4	1	20	0	200	0	-1	-1	339926.29	2	6
333923.44	1	2	333923.44	6	4	5	10	330000	119	0	-1	38	-632.5	1	1
325000	7	3	0	0	4	4	5	-1	5	0	-1	-1	0	0	8
325000	1	2	130000	0	4	3	-1	-1	-1	0	-1	-1	1310000	3	6
325000	1	2	0	0	4	4	12	5800000	61	0	-1	-1	0	0	8
325000	1	2	0	0	4	4	12	10400000	121	0	3	-1	0	0	8
321800	1	2	128720	7	4	3	12	6000000	318	0	-1	300	752572.28	3	6
321800	1	2	128720	7	4	3	12	6000000	318	0	-1	300	752572.28	3	6
321800	1	2	128720	7	4	3	12	6000000	318	0	-1	300	752572.28	3	6
318500	1	2	0	0	4	4	-1	1130600000	4700	0	-1	-1	0	0	8
318460	1	2	318460	23	1	5	10	56300000	-1	0	-1	-1	0	0	1
315000	1	2	126000	0	4	1	12	9200000	115	0	4	-1	315000	1	6
315000	1	2	0	0	4	4	5	6500000	60	0	-1	-1	0	0	8
313960	1	2	313960	23	4	5	-1	0	110	0	-1	-1	900	1	1
312336	1	2	312336	2	1	5	12	0	1300	0	-1	-1	192487.5	4	1
311000	1	2	62200	0	4	3	20	7300000	140	0	-1	-1	311000	1	5
310357.57	1	2	310357.57	13	4	5	5	1600000	109	0	-1	-1	0	1	1
305457.5	1	2	0	16	4	4	-1	6100000	34	0	-1	-1	0	0	8
300000	1	2	120000	0	1	3	3	10000000	328	0	-1	-1	356250	2	6
300000	1	2	0	0	4	4	5	6600000	54	0	9	-1	0	0	8
300000	1	2	0	0	1	4	-1	50100000	750	0	-1	-1	0	0	8
300000	1	2	120000	0	4	3	8	3700000	35	0	-1	-1	300000	1	6
300000	1	2	0	0	4	4	20	828092742	1800	0	-1	-1	0	0	8
300000	7	3	60000	0	4	3	20	243594000	300	0	-1	-1	375000	2	5
300000	7	3	60000	0	4	3	3	0	104	0	-1	-1	300000	1	5
300000	3	2	0	0	4	4	-1	0	-1	0	-1	62297	0	0	8
300000	7	3	0	0	4	4	12	8000000	-1	0	-1	-1	0	0	8
300000	1	2	120000	0	4	3	20	39200000	215	0	-1	-1	300000	1	6
300000	1	2	0	0	4	4	3	10600000	101	0	-1	-1	0	0	8
300000	7	3	0	0	4	4	12	171067235	-1	0	-1	-1	0	0	8
300000	1	2	60000	0	4	3	17	2670000000	3500	0	-1	-1	300000	2	5
300000	7	3	0	0	4	4	-1	22400000	155	0	-1	-1	439530	1	8
300000	1	2	0	0	4	4	20	-1	70	0	-1	-1	0	0	8
300000	1	2	0	0	4	4	20	0	2	0	-1	-1	0	0	8
300000	7	3	0	0	4	4	20	37900000	-1	0	-1	-1	0	1	4
300000	1	2	0	0	1	4	3	20400000	-1	0	-1	-1	0	0	8
300000	1	2	60000	0	4	3	5	1800000	60	0	1	-1	300000	1	5
300000	1	2	0	0	4	4	20	0	432	0	7	-1	0	0	8
300000	3	2	0	0	1	4	-1	0	-1	0	-1	46507	0	2	4
300000	1	2	0	0	4	4	-1	-1	70	0	-1	-1	0	0	8
300000	1	2	0	0	1	4	-1	16300000	310	0	-1	-1	0	0	8
300000	1	2	0	0	4	4	20	6800000	72	0	-1	-1	0	0	8
300000	1	2	0	0	4	4	20	-1	350	0	-1	-1	0	0	8
300000	1	2	0	0	4	4	12	1800000	60	0	1	-1	300000	1	8
290800	5	2	0	0	4	4	-1	257000000	-1	0	-1	15000	0	0	8
284600	1	2	284600	4	4	5	-1	220000000	400	0	-1	-1	110062.5	3	1
281725	5	2	281725	0	4	5	8	160000	-1	0	-1	8000	0	0	1
281015.5	1	2	0	8	1	4	20	3000000	164	0	6	-1	0	0	8
280832.5	1	2	0	17	4	4	5	0	112	0	-1	-1	0	0	8
280832.5	1	2	0	17	4	4	5	0	112	0	-1	-1	0	0	8
280000	1	2	0	0	4	4	13	10400000	121	0	3	-1	0	0	8
278410	1	2	0	11	4	4	5	26035721	300	0	-1	-1	0	0	8
278410	1	2	0	11	4	4	5	26035721	300	0	-1	-1	0	0	8
275550	7	3	0	0	4	4	10	0	-1	0	1	-1	0	0	8
275000	1	2	0	0	4	4	5	5600000	58	0	1	18	0	0	8
275000	1	2	0	0	4	4	3	29700000	178	0	-1	-1	0	0	8
275000	7	3	0	0	4	4	5	5700000	31	0	-1	-1	0	0	8
275000	1	2	0	0	4	4	5	5700000	42	0	-1	-1	7008	1	8
275000	1	2	0	0	4	4	12	3100000	76	0	-1	-1	0	0	8
265000	7	3	0	0	4	4	5	3000000	35	0	1	11	0	0	8
263651.25	1	2	105460.5	15	4	3	5	7500000	75	0	6	-1	319151.25	3	6
261131.04	1	2	0	0	1	4	20	372300000	500	0	-1	-1	0	0	8
260000	1	2	52000	0	4	3	20	6200000	80	0	-1	-1	260000	1	5
259411.44	1	2	259411.44	8	1	5	3	20400000	140	0	-1	-1	310000	3	1
256386.33	1	2	0	9	4	4	8	1400000	73	0	-1	-1	0	0	8
255000	1	2	255000	1	4	5	8	28900000	-1	0	-1	-1	287601.56	6	1
255000	1	2	255000	1	1	5	-1	28900000	-1	0	-1	-1	287601.56	6	1
253875	1	2	253875	10	4	5	12	25700000	140	0	3	23	105312.5	1	1
250875.55	1	2	0	15	4	4	8	6960000	68	0	-1	-1	125000	1	8
250000	1	2	0	0	1	4	-1	2147483647	200	0	-1	-1	181250	2	8
250000	1	2	0	0	4	4	-1	0	100	0	2	-1	0	0	8
250000	1	2	0	0	4	4	-1	0	200	0	-1	-1	339926.29	2	8
250000	1	2	0	0	4	4	12	7300000	50	0	3	-1	0	0	8
250000	1	2	0	0	4	4	-1	6960000	68	0	-1	-1	125000	1	8
250000	7	3	0	0	4	4	-1	13700000	160	0	-1	-1	0	0	8
250000	1	2	0	0	4	4	10	10000000	140	0	20	-1	0	0	8
250000	1	2	0	0	4	4	-1	60000000	50	0	-1	-1	0	0	8
250000	1	2	50000	0	4	3	20	9600000	256	0	5	-1	250000	3	5
250000	1	2	0	0	4	4	5	5745700000	0	0	-1	-1	25000	1	8
250000	7	3	0	0	4	4	8	5900000	45	0	-1	-1	0	0	8
250000	1	2	50000	0	4	3	8	4000000	45	0	-1	-1	250000	1	5
250000	1	2	0	0	4	4	20	3800000	50	0	-1	15	0	0	8
250000	1	2	0	0	4	4	12	-1	40	0	-1	-1	100000	1	8
250000	1	2	50000	0	4	3	12	6000000	318	0	-1	300	752572.28	3	5
250000	3	2	0	0	4	4	-1	0	-1	0	-1	71609	0	1	4
250000	1	2	0	0	4	4	-1	0	52	0	4	-1	0	0	8
250000	1	2	50000	0	4	3	12	50200000	200	0	-1	-1	250000	1	5
250000	2	2	0	0	4	4	17	5200000	36	0	11	-1	250000	1	8
250000	1	2	0	0	4	4	8	3000000	110	0	7	40	50000	1	8
250000	1	2	0	0	4	4	5	6589000	650	0	-1	-1	300000	3	8
250000	1	2	50000	0	4	3	20	4370000	80	0	-1	-1	250000	1	5
250000	1	2	0	0	4	4	12	2500000	30	0	-1	-1	0	0	8
250000	1	2	50000	0	4	3	5	0	120	0	-1	-1	250000	1	5
250000	7	3	50000	0	4	3	12	0	225	0	-1	-1	250000	1	5
250000	1	2	0	0	4	4	5	65000000	50	0	-1	-1	0	0	8
250000	7	3	100000	0	4	3	12	0	48	0	-1	-1	250000	1	6
250000	1	2	0	0	4	4	5	225000000	230	0	-1	-1	0	0	8
250000	7	3	50000	0	4	3	20	0	70	0	-1	-1	250000	1	5
250000	1	2	0	0	4	4	3	1800000	160	0	-1	-1	0	1	8
250000	1	2	0	0	4	4	-1	7400000	62	0	-1	-1	0	0	8
250000	1	2	50000	0	4	3	10	8952000000	200	0	-1	-1	250000	1	5
250000	7	3	0	0	4	4	5	64000000	194	0	-1	-1	0	1	8
250000	7	3	0	0	4	4	12	4600000	40	0	-1	24	0	0	8
250000	1	2	100000	0	4	3	20	15200000	229	0	-1	-1	707191.68	10	6
250000	1	2	0	0	4	4	5	18900000	400	0	-1	-1	50000	4	8
250000	1	2	0	0	1	4	20	0	80	0	-1	80	185000	2	8
250000	1	2	0	0	4	4	17	2000000	170	0	-1	-1	0	0	8
250000	5	2	250000	0	4	5	-1	53900000	2	0	-1	51163	0	0	1
250000	1	2	0	0	4	4	-1	3800000	50	0	-1	15	0	0	8
250000	1	2	0	0	4	4	5	3300000	189	0	2	-1	450000	3	4
250000	1	2	0	0	4	4	5	15200000	229	0	-1	-1	707191.68	10	4
250000	1	2	0	0	4	4	20	3700000	40	0	-1	-1	0	0	8
250000	1	2	50000	0	4	3	20	6589000	650	0	-1	-1	300000	3	5
250000	1	2	50000	0	4	3	3	45000000	100	0	-1	-1	350000	2	5
250000	1	2	50000	0	4	3	5	0	-1	0	-1	-1	933592	5	5
250000	1	2	0	0	4	4	20	5300000	48	0	-1	-1	0	0	8
248896.53	1	2	99558.61	16	4	1	20	15200000	229	0	-1	-1	707191.68	10	6
245000	1	2	0	0	4	4	5	3700000	30	0	-1	-1	0	0	8
245000	1	2	0	0	4	4	12	1400000	26	0	4	-1	0	0	8
245000	1	2	245000	0	4	5	-1	966000000	-1	0	-1	1658	0	0	1
245000	1	2	0	0	4	4	5	6200000	65	0	2	-1	0	0	8
245000	1	2	0	0	4	4	3	210000	56	0	-1	-1	0	0	8
243911.92	1	2	243911.92	7	4	5	-1	12081444	103	0	4	-1	-5580	3	1
243000	1	2	0	0	4	4	-1	6424254	40	0	-1	-1	0	0	8
242000	7	3	0	0	4	4	-1	2900000	45	0	-1	-1	40000	1	8
240000	2	2	240000	0	4	5	-1	167200000	200	0	-1	-1	0	1	1
239131.16	1	2	239131.16	24	4	5	12	17400000	120	0	-1	-1	25000	3	1
238580	1	2	0	14	4	4	13	0	-1	0	-1	-1	0	0	8
238580	1	2	0	14	4	4	13	0	-1	0	-1	-1	0	0	8
237600	1	2	95040	5	4	3	12	0	5	0	-1	-1	237600	1	6
236816	1	2	94726.4	3	1	3	20	7185561	900	0	-1	-1	1236816	2	6
235000	7	3	47000	0	4	3	3	480000	7	0	-1	-1	235000	1	5
234992.5	1	2	234992.5	13	4	5	-1	0	55	0	-1	-1	1600	1	1
234992.5	1	2	234992.5	13	4	5	-1	0	55	0	-1	-1	1600	1	1
233900	1	2	0	0	4	4	12	76000000	100	0	-1	-1	0	0	8
233900	1	2	0	0	4	4	12	76000000	100	0	-1	-1	0	0	8
230576.65	7	3	0	11	4	4	5	3640415	75	0	230	225	0	0	8
229610	1	2	229610	27	1	5	20	15200000	16	0	-1	-1	0	1	1
225000	1	2	90000	0	3	3	20	14000000	180	0	-1	-1	225000	1	6
225000	1	2	0	0	4	4	12	4400000	43	0	6	-1	0	0	8
225000	1	2	0	0	4	4	5	7600000	58	0	-1	-1	0	0	8
225000	1	2	0	0	4	4	5	4800000	31	0	3	-1	0	0	8
225000	7	3	0	0	4	4	12	0	48	0	-1	-1	250000	1	8
225000	1	2	0	0	4	4	5	50000	45	0	-1	5	0	0	8
225000	1	2	0	0	4	4	18	7500000	75	0	6	-1	319151.25	3	8
225000	1	2	45000	0	4	3	5	0	27	0	-1	-1	300000	2	5
225000	3	2	56250	0	4	4	-1	0	-1	0	-1	68880	0	1	4
225000	1	2	0	0	4	4	12	13646571	120	0	-1	-1	0	0	8
225000	1	2	0	0	4	4	12	130000	40	0	4	-1	0	0	8
225000	1	2	45000	0	4	3	13	1800000	26	0	2	-1	225000	1	5
225000	1	2	0	0	4	4	12	0	50	0	-1	-1	0	0	8
224031.72	1	2	224031.72	20	4	5	5	2200000	78	0	-1	-1	0	0	1
221500	5	2	88600	0	4	3	10	80336734	-1	0	-1	6000	221500	1	6
220596.13	1	2	220596.13	16	4	5	5	6800000	60	0	-1	-1	0	0	1
217133.5	1	2	0	8	4	4	5	3200000	31	0	-1	-1	0	0	8
217000	1	2	43400	0	4	3	12	0	70	0	-1	-1	217000	1	5
216376	1	2	0	8	4	4	12	2300000	53	0	1	-1	0	0	8
216376	1	2	0	8	4	4	12	2300000	53	0	1	-1	0	0	8
215882	1	2	151117.4	12	1	1	8	20000000	42	0	-1	-1	215882	1	3
215635	1	2	86254	17	4	1	5	94723000	100	0	-1	-1	235635	2	6
215000	7	3	0	0	4	4	12	630000	50	0	-1	-1	0	0	8
214200	7	3	0	0	4	4	-1	770000	150	0	45	-1	0	0	8
212350	1	2	0	18	1	4	12	9500000	33	0	1	7	0	0	8
211080	1	2	211080	0	4	5	-1	472644641	1102	0	-1	20000	0	0	1
210012.02	1	2	210012.02	20	4	5	-1	3000000	110	0	-1	-1	0	0	1
210000	1	2	147000	0	4	3	-1	2010000000	2	0	-1	262000	1882213	2	3
207000	5	2	0	0	4	4	5	0	-1	0	-1	5000	0	1	4
206180.35	1	2	0	13	4	4	20	-1	35	0	-1	-1	0	0	8
205563.51	1	2	205563.51	10	4	5	20	-1	120	0	-1	-1	106200	2	1
204920.1	1	2	204920.1	16	4	5	3	3700000	57	0	0	0	49000	2	1
204620	1	2	0	10	4	4	-1	420000	50	0	2	-1	130000	2	8
204009.2	1	2	204009.2	13	3	5	-1	2600000	75	0	-1	-1	21250	4	1
202112	1	2	0	6	4	4	5	50000	45	0	-1	5	0	0	8
202112	1	2	0	6	4	4	5	50000	45	0	-1	5	0	0	8
200921.25	1	2	200921.25	24	4	5	20	25000000	32	0	-1	-1	0	0	1
200042	1	2	0	0	1	4	20	8700000	900	0	-1	-1	50000	2	8
200042	1	2	0	0	1	4	20	8700000	900	0	-1	-1	50000	2	8
200042	1	2	0	0	1	4	20	8700000	900	0	-1	-1	50000	2	8
200000	1	2	0	0	4	4	-1	10100000	96	0	-1	-1	1836	1	8
200000	1	2	0	0	4	4	12	26035721	300	0	-1	-1	0	0	8
200000	1	2	0	0	4	4	-1	180000	102	0	0	0	0	1	8
200000	1	2	0	0	4	4	5	7000000	189	0	-1	-1	100000	3	4
200000	1	2	40000	0	4	3	5	6500000	499	0	-1	-1	378825	7	5
200000	7	3	40000	0	4	4	20	16743932	34	0	-1	-1	200000	1	5
200000	1	2	200000	1	4	5	12	9600000	256	0	5	-1	250000	3	1
200000	1	2	0	0	4	4	12	0	27	0	1	7	0	0	8
200000	1	2	0	0	4	4	20	22000000	650	0	-1	-1	115500	4	4
200000	1	2	0	0	4	4	10	3000000	110	0	7	40	50000	1	8
200000	1	2	0	0	4	4	17	21200000	190	0	-1	-1	0	1	8
200000	1	2	0	0	4	4	20	5000000	240	0	-1	-1	0	1	4
200000	1	2	80000	0	4	3	8	17300000	175	0	36	-1	215000	2	6
200000	1	2	40000	0	4	3	16	2200000	20	0	-1	-1	200000	1	5
200000	1	2	80000	0	4	3	20	25000000	140	0	2	-1	200000	1	6
200000	1	2	0	0	4	4	-1	56400000	529	0	-1	-1	92000	7	8
200000	1	2	0	0	1	4	11	0	-1	0	-1	-1	107881.52	5	4
200000	7	3	0	0	4	4	20	28500000	-1	0	-1	-1	0	0	8
200000	1	2	0	0	4	4	5	0	1000	0	-1	-1	1000000	1	8
200000	1	2	0	0	4	4	-1	6100000	34	0	-1	-1	0	0	8
200000	1	2	80000	0	4	3	20	11200000	405	0	300	-1	200000	1	6
200000	1	2	0	0	1	4	20	1.13E+11	348	0	-1	50	10500	1	8
200000	1	2	0	0	4	4	-1	3000000	73	0	-1	-1	0	0	8
200000	1	2	80000	0	4	3	5	1450000	70	0	-1	-1	200000	1	6
200000	1	2	0	0	4	4	12	2500000	46	0	6	-1	0	0	8
200000	1	2	0	0	4	4	12	6100000	132	0	-1	-1	35000	1	8
200000	7	3	0	0	4	4	3	7408085	100	0	-1	-1	0	0	8
200000	1	2	0	0	4	4	-1	1200497	25	0	-1	-1	8000	1	8
200000	1	2	0	0	4	4	5	140000	384	0	10	-1	0	0	8
200000	1	2	0	0	4	4	-1	4600000	90	0	-1	-1	0	0	8
200000	1	2	0	0	1	4	-1	0	1050	0	-1	-1	0	0	8
200000	1	2	0	0	4	4	5	2800000	31	0	3	-1	0	0	8
200000	1	2	0	0	4	4	8	7900000	70	0	-1	-1	0	0	8
200000	1	2	200000	0	4	5	20	0	-1	0	-1	-1	933592	5	1
200000	1	2	0	0	4	4	-1	2670000000	3500	0	-1	-1	300000	2	8
200000	1	2	0	0	4	4	5	0	27	0	-1	-1	300000	2	8
200000	1	2	0	0	1	4	13	2200000	85	0	-1	-1	0	0	8
200000	1	2	0	0	4	4	-1	6800000	60	0	-1	-1	0	0	8
200000	1	2	0	0	4	4	12	11000000	65	0	6	9	105000	1	8
200000	1	2	0	0	1	4	3	-1	60	0	1	-1	150000	1	8
200000	1	2	0	0	4	4	12	6000000	50	0	-1	-1	0	0	8
200000	1	2	0	0	1	4	-1	37300000	10	0	-1	15000	0	0	8
200000	1	2	80000	0	4	3	20	4100000	28	0	1	-1	200000	1	6
200000	1	2	40000	0	4	3	20	6500000	80	0	-1	-1	200000	1	5
200000	1	2	0	0	4	4	20	7000000	189	0	-1	-1	100000	3	4
196739.38	1	2	196739.38	8	4	5	17	10100000	96	0	-1	-1	1836	1	1
196174.2	1	2	78469.68	13	4	3	5	3300000	86	0	4	-1	196174.2	1	6
196174.2	1	2	78469.68	13	4	3	5	3300000	86	0	4	-1	196174.2	1	6
194074.4	1	2	0	9	4	4	-1	7000000	189	0	-1	-1	100000	3	8
193255	1	2	77302	12	3	3	20	11600000	117	0	-1	-1	243255	2	6
193000	5	2	38600	0	4	3	-1	0	-1	0	-1	16000	208770	2	5
192000	1	2	0	0	4	4	-1	268000000	2500	0	-1	-1	316800	2	8
188980	5	2	188980	0	4	5	-1	86600000	-1	0	-1	8000	0	0	1
188011.1	1	2	0	18	4	4	-1	20229086	69	0	3	-1	0	0	8
187500	1	2	187500	0	4	5	-1	1130600000	4700	0	-1	-1	0	0	1
187500	1	2	187500	0	4	5	-1	0	-1	0	-1	-1	0	0	1
187442	5	2	187442	0	4	5	-1	53900000	2	0	-1	51163	0	0	1
186956.13	1	2	186956.13	11	4	5	12	0	67	0	-1	-1	0	0	1
186812.5	1	2	186812.5	9	1	5	8	18600000	155	0	5	-1	0	1	1
185000	1	2	0	0	4	4	12	3000000	46	0	-1	-1	0	0	8
185000	1	2	37000	0	4	3	5	710000	65	0	14	-1	185000	1	5
185000	1	2	0	0	4	4	20	0	50	0	1	-1	0	0	8
184838.87	1	2	0	16	4	4	13	210000	60	0	1	6	0	0	8
183600	1	2	183600	3	3	5	-1	0	526	0	-1	-1	16500	1	1
183400	1	2	128380	2	1	1	3	249798000	500	0	-1	-1	187250	2	3
182847.6	1	2	0	13	3	4	8	180000	39	0	2	30	0	0	8
182847.6	1	2	0	13	3	4	8	180000	39	0	2	30	0	0	8
180772.28	1	2	72308.91	6	1	3	13	6000000	318	0	-1	300	752572.28	3	6
180772.28	1	2	72308.91	6	1	3	13	6000000	318	0	-1	300	752572.28	3	6
180000	1	2	0	0	4	4	20	2600000	23	0	-1	-1	0	0	8
180000	1	2	0	0	4	4	12	7900000	76	0	-1	-1	0	0	8
180000	1	2	0	0	4	4	5	1900000	45	0	-1	-1	0	0	8
179365.5	1	2	0	15	4	4	15	3200000	35	0	-1	-1	0	0	8
178603.8	1	2	0	9	1	4	12	4000000	53	0	-1	-1	4000	1	8
178603	2	2	0	0	4	4	12	9	50	0	-1	-1	0	0	8
175000	1	2	0	0	4	4	12	2800000	55	0	-1	-1	0	0	8
175000	1	2	0	0	4	4	-1	3800000	90	0	15	50	22500	1	8
175000	1	2	0	0	4	4	-1	1800000	46	0	4	-1	0	0	8
175000	7	3	0	0	4	4	5	6400000	55	0	2	-1	0	0	8
175000	7	3	0	0	4	4	20	180000	-1	0	2	-1	0	0	8
175000	1	2	0	0	4	4	12	22644528	120	0	-1	100	0	0	8
175000	1	2	0	0	4	4	8	4600000	50	0	-1	-1	0	0	8
175000	1	2	0	0	4	4	-1	18000000	51	0	-1	-1	0	0	8
175000	1	2	0	0	4	4	5	210000	56	0	-1	-1	0	0	8
175000	3	2	175000	0	1	5	-1	0	-1	0	-1	296522	0	0	1
175000	1	2	0	0	4	4	12	0	26	0	-1	-1	0	0	8
175000	1	2	0	0	4	4	12	0	37	0	4	-1	0	0	8
175000	1	2	0	0	4	4	-1	130000	100	0	-1	-1	0	0	8
175000	1	2	0	0	4	4	20	2500000	60	0	2	-1	45000	1	8
174555.13	1	2	0	20	4	4	-1	380000	45	0	1	7	0	0	8
174385	1	2	0	1	1	4	-1	2900000	100	0	-1	-1	0	0	8
174090	7	3	0	6	4	4	5	2800000	32	0	1	10	0	0	8
173819.4	1	2	173819.4	14	1	5	5	15200000	229	0	-1	-1	707191.68	10	1
173210	1	2	0	12	1	4	3	190000	59	0	3	-1	130000	2	8
173106	1	2	34621.2	15	4	3	20	5800000	63	0	-1	40	173106	1	5
171948.69	1	2	0	6	4	4	-1	4000000	125	0	1	-1	0	0	8
171948.69	1	2	0	6	4	4	-1	4000000	125	0	1	-1	0	0	8
171948.69	1	2	0	6	4	4	-1	4000000	125	0	1	-1	0	0	8
171700	5	2	68680	0	4	3	10	1830000000	-1	0	-1	10723	171700	1	6
171540	1	2	171540	2	1	5	9	0	1300	0	-1	-1	192487.5	4	1
170000	1	2	0	0	4	4	-1	12081444	103	0	4	-1	-5580	3	8
168000	7	3	0	0	4	4	3	8400000	-1	0	-1	-1	0	0	8
167340	1	2	0	12	1	4	-1	-1	100	0	-1	75	0	0	8
166788	1	2	0	5	4	4	-1	7900000	76	0	-1	-1	0	0	8
166140.1	1	2	166140.1	13	4	5	-1	6400000	51	0	2	10	0	0	1
166140.1	1	2	166140.1	13	4	5	-1	6400000	51	0	2	10	0	0	1
166000	1	2	166000	0	1	5	-1	0	100	0	-1	-1	0	0	1
165176.55	1	2	165176.55	6	4	5	-1	-1	100	0	-1	75	0	0	1
165000	1	2	165000	0	4	5	5	17100000	-1	0	-1	-1	0	0	1
165000	1	2	0	0	4	4	-1	2200000	36	0	-1	-1	126173.42	2	8
165000	1	2	0	0	4	4	8	40000000	57	0	3	-1	0	0	8
165000	1	2	0	0	4	4	20	3000000	38	0	-1	-1	141487.23	2	8
165000	1	2	0	0	4	4	13	40000000	57	0	3	-1	0	0	8
164593	1	2	0	24	4	4	5	18500000	46	0	14	-1	0	0	8
164000	1	2	0	0	4	4	-1	700000	350	0	-1	-1	23162	4	8
164000	1	2	0	0	4	4	-1	0	70	0	-1	-1	217000	1	8
164000	1	2	0	0	4	4	-1	-1	900	0	-1	10000	0	0	8
160060	1	2	64024	15	4	1	20	1200000	13	0	-1	-1	160060	1	6
160000	1	2	32000	0	4	3	5	140000	80	0	-1	-1	160000	1	5
160000	1	2	0	0	4	4	-1	3400000	300	0	-1	4000	0	1	8
160000	1	2	0	0	4	4	-1	4400000	26	0	-1	-1	0	0	8
160000	1	2	0	0	4	4	8	1200000	50	0	3	11	0	0	8
159916	5	2	159916	0	4	5	-1	1390000000	2500	0	-1	34981	31080	3	1
158775	1	2	158775	7	1	5	20	7100000	-1	0	-1	-1	0	0	1
158400	5	2	110880	0	1	1	-1	94200000	-1	0	-1	6000	158400	1	3
157126.01	1	2	157126.01	13	3	5	-1	860000	40	0	-1	-1	0	0	1
156400	1	2	31280	0	4	3	13	223440990	2	0	-1	-1	156400	1	5
156000	1	2	62400	0	4	3	20	6500000	499	0	-1	-1	378825	7	6
155387.5	1	2	108771.25	7	1	1	20	34900000	-1	0	-1	-1	479007.5	9	3
155000	1	2	0	0	4	4	12	3400000	29	0	-1	-1	0	0	8
154764.68	1	2	154764.68	13	4	5	20	1500000	27	0	-1	-1	0	0	1
153347	1	2	61338.8	0	4	3	20	-1	172	0	-1	-1	251347	3	6
151480	1	2	0	0	4	4	-1	23000000	-1	0	-1	2000	0	0	8
150000	1	2	30000	0	1	3	5	7	161	0	5	-1	151771	2	5
150000	1	2	60000	0	4	3	5	0	50	0	-1	-1	150000	1	6
150000	7	3	30000	0	4	3	12	3800000	54	0	3	-1	202275	3	5
150000	1	2	0	0	4	4	20	2600000	23	0	-1	-1	0	0	8
150000	1	2	60000	0	1	1	13	0	350	0	-1	-1	150000	2	6
150000	1	2	0	0	4	4	12	1700000	40	0	5	-1	47500	2	8
150000	7	3	60000	0	4	1	9	7000000	-1	0	-1	-1	150000	1	6
150000	1	2	0	0	4	4	20	7500000	45	0	3	-1	0	0	8
150000	7	3	30000	0	4	3	20	0	1500	0	-1	-1	230000	2	5
150000	1	2	0	0	4	4	6	8700000	900	0	-1	-1	50000	2	8
150000	1	2	0	0	4	4	20	4700000	60	0	12	-1	21250	2	8
150000	1	2	30000	0	4	3	3	1800000	25	0	-1	-1	153500	2	5
150000	1	2	0	0	4	4	17	6700000	80	0	-1	-1	0	0	8
150000	1	2	0	0	4	4	12	1100000	50	0	-1	-1	60000	2	8
150000	1	2	0	0	4	4	12	2200000	78	0	-1	-1	0	0	8
150000	1	2	0	0	4	4	12	4000000	70	0	-1	-1	0	0	8
150000	1	2	0	0	4	4	-1	1500000	11	0	1	4	0	0	8
150000	1	2	0	0	4	4	20	117868000	2	0	-1	-1	0	0	8
150000	1	2	0	0	4	4	-1	7000000	33	0	9	-1	0	0	8
150000	1	2	0	0	4	4	13	2200000	85	0	-1	-1	0	0	8
150000	2	2	60000	0	4	3	12	71000	36	0	1	-1	165000	2	6
150000	1	2	0	0	4	4	12	1800000	30	0	-1	-1	0	0	8
150000	1	2	0	0	4	4	17	4900000	37	0	11	10	113550	6	8
150000	1	2	0	0	4	4	8	18000000	51	0	-1	-1	0	0	8
150000	1	2	0	0	4	4	-1	8700000	76	0	-1	55	0	0	8
150000	1	2	30000	0	4	3	12	5900000	66	0	-1	-1	150000	1	5
150000	1	2	0	0	4	4	12	6700000	80	0	-1	-1	0	0	8
150000	1	2	0	0	4	4	5	1900000	41	0	-1	-1	140000	2	8
150000	1	2	60000	0	1	3	20	2147483647	200	0	-1	-1	181250	2	6
150000	1	2	0	0	4	4	12	3000000	60	0	6	-1	0	0	8
150000	1	2	0	0	4	4	-1	3200000	84	0	-1	-1	0	0	8
150000	1	2	0	0	4	4	1	18000000	51	0	-1	-1	0	0	8
150000	1	2	0	0	4	4	12	6500000	61	0	-1	-1	0	1	8
150000	1	2	0	0	4	4	10	0	131	0	-1	-1	156500	3	8
150000	1	2	0	0	4	4	12	2400000	55	0	3	20	0	0	8
150000	2	2	0	0	4	4	12	2400000	29	0	-1	-1	50000	1	8
150000	1	2	0	0	4	4	-1	11200000	350	0	10	-1	32325	4	8
150000	1	2	0	0	4	4	-1	0	611	0	-1	-1	0	1	8
150000	1	2	60000	0	4	3	12	1400000	50	0	-1	4000	150000	1	6
150000	1	2	0	0	4	4	12	9800000	130	0	-1	-1	81600	3	8
150000	1	2	0	0	4	4	12	4000000	53	0	-1	-1	4000	1	8
150000	1	2	60000	0	4	1	20	0	72	0	2	15	179505.7	2	6
150000	1	2	60000	0	4	3	20	-1	60	0	1	-1	150000	1	6
150000	7	3	0	0	4	4	13	17394298	20	0	-1	-1	0	0	8
150000	1	2	0	0	4	4	20	3200000	50	0	-1	-1	0	0	8
150000	1	2	0	0	4	4	12	6600000	62	0	-1	-1	0	0	8
150000	1	2	0	0	4	4	5	3400000	50	0	3	-1	0	0	8
150000	1	2	0	0	4	4	-1	150000	27	0	-1	-1	0	0	8
150000	1	2	0	0	4	4	20	140000	49	0	2	-1	0	0	8
150000	1	2	60000	0	1	3	5	0	900	0	-1	-1	150000	1	6
150000	1	2	0	0	4	4	12	4400000	26	0	-1	-1	0	0	8
150000	1	2	30000	0	4	3	5	8200000	56	0	-1	-1	150000	1	5
150000	1	2	0	0	4	4	20	1600000	258	0	-1	300	0	0	8
150000	1	2	0	0	4	4	-1	3900000	35	0	1	-1	40000	1	8
150000	1	2	0	0	4	4	5	6857700000	21000	0	-1	-1	0	1	4
150000	7	3	30000	0	4	3	20	3900000	52	0	9	-1	150000	1	5
150000	7	3	0	0	4	4	5	0	48	0	4	-1	0	0	8
150000	1	2	30000	0	4	3	5	0	34	0	-1	-1	150000	1	5
150000	1	2	0	0	4	4	-1	20000000	26	0	2	-1	0	0	8
150000	1	2	0	0	4	4	20	-1	48	0	-1	-1	0	0	8
150000	1	2	30000	0	4	3	12	29900000	120	0	-1	-1	650000	3	5
150000	1	2	0	0	1	4	12	2300000	40	0	2	15	130000	1	8
150000	1	2	30000	0	4	3	5	0	131	0	-1	-1	156500	3	5
150000	1	2	0	0	4	4	12	12000000	76	0	-1	-1	0	0	8
150000	1	2	0	0	4	4	-1	4700000	57	0	-1	-1	0	0	8
150000	1	2	0	0	4	4	5	460000	57	0	-1	-1	0	0	8
150000	1	2	0	0	1	4	-1	5071481	40	0	-1	-1	0	0	8
150000	1	2	0	0	4	4	-1	-1	41	0	-1	10	0	0	8
150000	1	2	0	0	4	4	-1	9800000	130	0	-1	-1	81600	3	8
150000	1	2	0	0	4	4	12	110000	86	0	-1	-1	0	0	8
150000	1	2	0	0	4	4	8	500000	60	0	-1	-1	0	0	8
150000	1	2	0	0	4	4	-1	6100000	34	0	-1	-1	0	0	8
150000	1	2	0	0	4	4	-1	4954623	40	0	1	10	0	0	8
150000	1	2	0	0	4	4	12	6500000	61	0	-1	-1	0	1	8
149469.74	1	2	149469.74	10	4	5	-1	0	40	0	2	-1	0	0	1
149055	1	2	149055	3	1	5	-1	0	2453	0	-1	-1	25700	3	1
148959.65	1	2	148959.65	0	4	5	12	7262505	60	0	-1	-1	0	0	1
147900	1	2	147900	1	1	5	-1	700000	350	0	-1	-1	23162	4	1
147656.12	1	2	0	19	3	4	13	10000000	86	0	-1	-1	0	0	8
147200	1	2	147200	3	4	5	8	29900000	120	0	-1	-1	650000	3	1
147060	1	2	58824	13	4	3	10	350000	20	0	-1	-1	147160	2	6
146000	7	3	0	0	4	4	15	1826392	45	0	-1	-1	0	0	8
145562.5	1	2	145562.5	11	1	5	8	9600000	256	0	5	-1	250000	3	1
145000	1	2	145000	0	4	5	-1	8610000000	2	0	-1	147284	26800	3	1
145000	1	2	58000	0	4	3	-1	1014875	-1	0	-1	-1	145000	1	6
145000	1	2	0	0	1	4	10	0	45	0	-1	-1	0	0	8
145000	1	2	0	0	4	4	20	2200000	36	0	-1	-1	126173.42	2	8
144550	1	2	57820	0	1	3	20	34900000	-1	0	-1	-1	479007.5	9	6
144550	1	2	57820	0	1	3	20	11000000	125	0	-1	-1	189550	4	6
144355	1	2	144355	24	4	5	3	156874529	253	0	-1	-1	0	0	1
144000	1	2	0	0	4	4	-1	8610000000	2	0	-1	147284	26800	3	4
142040	1	2	0	3	1	4	-1	0	-1	0	-1	-1	107881.52	5	8
142040	1	2	0	3	1	4	-1	0	-1	0	-1	-1	107881.52	5	8
141625	1	2	141625	4	1	5	20	72981767	200	0	-1	-1	0	0	1
141625	1	2	141625	4	1	5	20	72981767	200	0	-1	-1	0	0	1
141625	1	2	141625	4	1	5	20	72981767	200	0	-1	-1	0	0	1
141231.78	1	2	141231.78	33	4	5	5	18200000	18	0	-1	-1	0	0	1
140880	1	2	140880	3	1	5	-1	567200000	551	0	-1	-1	24000	3	1
140000	1	2	28000	0	4	3	16	7200000	60	0	-1	-1	190000	2	5
140000	1	2	0	0	3	4	-1	2500000	60	0	2	-1	45000	1	8
139230	1	2	139230	3	3	5	20	372300000	500	0	-1	-1	0	0	1
138420	5	2	55368	0	1	3	11	197000000	2	0	-1	15882	138420	1	6
138052	1	2	0	12	4	4	12	1700000	16	0	-1	-1	0	0	8
137000	5	2	0	0	4	4	-1	3700000000	-1	0	-1	2000	0	0	8
136321	1	2	0	0	4	4	-1	162000000	-1	0	-1	6014	0	0	8
136149.1	1	2	95304.37	26	1	1	13	0	53	0	-1	25	136149.1	1	3
135485.84	1	2	0	16	4	4	12	1400000	25	0	-1	-1	1500	2	8
135000	7	3	54000	0	4	3	20	0	200	0	-1	-1	135000	1	6
135000	1	2	0	0	4	4	17	2500000	65	0	1	-1	0	0	8
135000	1	2	0	0	3	4	13	200000	63	0	5	-1	0	0	8
135000	1	2	0	0	4	4	-1	116700000	220	0	-1	-1	172000	2	8
135000	5	2	0	0	4	4	-1	7576984	-1	0	-1	52367	0	1	8
135000	7	3	0	0	4	4	5	8400000	60	0	-1	-1	0	0	8
135000	1	2	0	0	4	4	-1	3100000	65	0	-1	-1	0	0	8
133425	1	2	133425	3	1	5	12	10000000	328	0	-1	-1	356250	2	1
132640	5	2	132640	0	4	5	-1	29800000	-1	0	-1	13500	0	0	1
132300	1	2	0	2	1	4	20	372300000	500	0	-1	-1	0	0	8
132000	5	2	0	0	4	4	-1	7576984	-1	0	-1	52367	0	1	8
132000	7	3	0	0	4	4	12	3900000	30	0	3	-1	0	0	8
131080.57	1	2	131080.57	22	4	5	-1	3500000	25	0	2	-1	9850	2	1
130078.12	1	2	130078.12	10	1	5	-1	18600000	155	0	5	-1	0	1	1
130078.12	1	2	130078.12	10	1	5	-1	18600000	155	0	5	-1	0	1	1
130000	1	2	0	0	3	4	12	8900000	75	0	4	-1	0	0	8
130000	1	2	0	0	4	4	18	1306	55	0	-1	-1	0	0	8
130000	1	2	26000	0	3	1	1	1900000	41	0	-1	-1	140000	2	5
130000	1	2	130000	3	1	5	8	28900000	-1	0	-1	-1	287601.56	6	1
130000	1	2	0	0	4	4	12	0	65	0	-1	-1	0	0	8
130000	1	2	52000	0	4	1	20	2300000	40	0	2	15	130000	1	6
130000	1	2	0	0	3	4	13	200000	63	0	5	-1	0	0	8
130000	1	2	0	0	4	4	-1	2300000	40	0	2	15	130000	1	8
130000	1	2	26000	0	4	4	12	3400000	28	0	-1	-1	220000	3	5
130000	1	2	52000	0	4	1	5	420000	50	0	2	-1	130000	2	6
130000	1	2	0	0	4	4	13	3300000	38	0	1	-1	129005.79	1	8
130000	1	2	26000	0	3	3	20	116700000	220	0	-1	-1	172000	2	5
130000	1	2	0	0	4	4	12	5600000	48	0	3	-1	0	0	8
130000	1	2	0	0	4	4	3	3400000	35	0	-1	-1	1000	1	8
130000	1	2	0	0	4	4	12	3400000	35	0	1	-1	0	0	8
130000	1	2	0	0	4	4	12	3000000	56	0	1	8	50000	3	8
130000	1	2	0	0	4	4	13	2200000	53	0	1	-1	14000	3	8
130000	1	2	0	0	4	4	12	5400000	45	0	2	15	0	0	8
130000	1	2	0	0	4	4	5	1900000	41	0	-1	-1	140000	2	8
130000	1	2	0	0	4	4	12	0	65	0	9	-1	0	0	8
130000	1	2	0	0	4	4	20	240000	50	0	12	-1	10000	1	8
130000	1	2	0	0	4	4	-1	2200000	29	0	-1	-1	0	0	8
130000	1	2	0	0	4	4	20	6237947	92	0	-1	-1	0	0	8
130000	1	2	0	0	4	4	13	2200000	85	0	-1	-1	0	0	8
130000	1	2	0	0	4	4	12	1500000	52	0	8	-1	0	0	8
130000	1	2	0	0	1	4	12	4800000	29	0	-1	-1	0	0	8
130000	1	2	0	0	1	4	-1	9100000	55	0	2	-1	0	0	8
130000	1	2	0	0	4	4	-1	4300000	48	0	3	-1	0	0	8
130000	1	2	0	0	4	4	12	1300000	38	0	-1	-1	0	0	8
130000	1	2	0	0	4	4	-1	-1	36	0	2	-1	145619	3	8
130000	1	2	0	0	4	4	12	0	67	0	-1	-1	0	0	8
130000	1	2	0	0	4	4	12	1800000	30	0	-1	-1	0	0	8
130000	1	2	0	0	4	4	20	1306	55	0	-1	-1	0	0	8
129683	7	3	0	14	4	4	12	2000000	27	0	-1	19	0	0	8
129141	1	2	129141	2	1	5	20	50300000	-1	0	-1	-1	22000	1	1
129141	1	2	129141	2	1	5	20	50300000	-1	0	-1	-1	22000	1	1
129005.79	1	2	51602.32	23	4	1	20	3300000	38	0	1	-1	129005.79	1	6
128910.88	1	2	0	19	4	4	5	3100000	90	0	5	25	0	0	8
128888	1	2	0	30	4	4	5	3200000	35	0	-1	-1	0	0	8
128655	1	2	0	2	1	4	9	0	1300	0	-1	-1	192487.5	4	8
127814.8	1	2	51125.92	12	4	3	1	4000000	24	0	2	-1	148607.6	2	6
127417.11	1	2	0	8	4	4	-1	0	73	0	-1	-1	125000	1	8
126680	1	2	0	17	4	4	-1	550000	100	0	5	-1	171360	2	8
125900	1	2	50360	0	4	1	13	33700000	219	0	-1	12500	125900	1	6
125450	5	2	0	0	4	4	10	75100000	300	0	-1	3000	0	0	8
125000	2	2	50000	0	4	3	13	0	35	0	-1	-1	125000	1	6
125000	1	2	50000	0	1	1	13	28900000	-1	0	-1	-1	287601.56	6	6
125000	7	3	0	0	4	4	-1	0	100	0	8	-1	0	0	8
125000	1	2	0	0	3	4	12	1100000	50	0	-1	-1	60000	2	8
125000	1	2	50000	0	3	1	20	7300000	38	0	-1	-1	137000	2	6
125000	1	2	25000	0	4	1	20	4200000	47	0	-1	-1	125000	1	5
125000	1	2	0	0	4	4	8	38800000	43	0	-1	-1	0	0	8
125000	1	2	25000	0	4	3	5	500000	39	0	5	-1	125000	1	5
125000	1	2	50000	0	4	3	5	-1	40	0	1	-1	125000	1	6
125000	1	2	0	0	4	4	-1	1749019594	85	0	-1	-1	0	0	8
125000	1	2	25000	0	4	3	5	0	73	0	-1	-1	125000	1	5
125000	1	2	25000	0	4	3	20	0	400	0	-1	-1	155303	2	5
125000	7	3	50000	0	4	3	5	0	20	0	-1	-1	125000	1	6
125000	1	2	50000	0	4	3	13	6960000	68	0	-1	-1	125000	1	6
125000	1	2	0	0	4	4	20	12840100000	1	0	-1	-1	0	1	8
125000	1	2	25000	0	4	1	20	27000000	445	0	-1	-1	290869.5	8	5
125000	1	2	0	0	4	4	12	110000	86	0	-1	-1	0	0	8
125000	1	2	25000	0	4	3	20	0	5	0	-1	-1	125000	1	5
125000	1	2	0	0	4	4	17	270000	70	0	9	50	0	0	8
125000	1	2	0	0	4	4	-1	4300000	30	0	-1	-1	0	0	8
125000	1	2	50000	0	4	1	-1	-1	-1	0	-1	-1	1310000	3	6
125000	1	2	0	0	4	4	-1	7100000	54	0	1	20	41000	1	8
125000	7	3	0	0	4	4	5	-1	42	0	-1	22	0	0	8
125000	7	3	0	0	4	4	8	-1	29	0	2	-1	0	0	8
125000	1	2	0	0	4	4	12	6000000	50	0	-1	-1	0	0	8
125000	1	2	0	0	4	4	8	190000	59	0	3	-1	130000	2	8
125000	1	2	0	0	4	4	-1	6600000	62	0	-1	-1	0	0	8
125000	1	2	0	0	4	4	12	3300000	38	0	2	-1	0	0	8
125000	1	2	0	0	4	4	12	18000000	51	0	-1	-1	0	0	8
125000	1	2	0	0	4	4	-1	0	54	0	-1	-1	0	0	8
125000	1	2	0	0	4	4	12	6000000	50	0	-1	-1	0	0	8
125000	1	2	0	0	4	4	12	10000000	37	0	-1	-1	0	0	8
125000	1	2	0	0	4	4	5	6500000	61	0	-1	-1	0	1	8
125000	1	2	0	0	4	4	-1	20000000	41	0	1	-1	0	0	8
125000	1	2	0	0	4	4	12	130000	-1	0	-1	-1	0	0	8
125000	1	2	0	0	4	4	-1	0	72	0	2	15	179505.7	2	8
125000	1	2	0	0	1	4	-1	1100000	50	0	-1	-1	60000	2	8
124688.05	1	2	0	19	4	4	8	208600000	57	0	-1	7	0	0	8
124446	7	3	0	27	4	4	20	1100000	-1	0	-1	-1	0	0	8
124390	1	2	124390	6	1	5	12	22000000	151	0	7	-1	50000	2	1
124250	1	2	124250	2	1	5	-1	0	-1	0	-1	-1	107881.52	5	1
123540.48	1	2	0	10	3	4	12	1700000	30	0	-1	-1	0	0	8
122759	7	3	49103.6	6	4	1	12	13300000	0	0	9	21	122759	1	6
122600	2	2	0	0	4	4	12	61900000	300	0	-1	400	0	0	8
122500	1	2	122500	0	4	5	20	-1	3500	0	-1	-1	0	0	1
122465.5	1	2	122465.5	25	4	5	2	91000	250	0	-1	-1	4200	1	1
122465.5	1	2	122465.5	25	4	5	2	91000	250	0	-1	-1	4200	1	1
122465.5	1	2	122465.5	25	4	5	2	91000	250	0	-1	-1	4200	1	1
121251	1	2	0	64	4	4	20	15200000	16	0	-1	-1	0	1	8
121016.12	1	2	121016.12	22	3	5	-1	2600000	29	0	4	5	-13085.19	2	1
120826.83	1	2	120826.83	22	4	5	-1	1700000	51	0	5	-1	35960	1	1
120000	1	2	0	0	1	4	-1	766385000	381	0	1	1	30000	1	8
120000	1	2	0	0	4	4	-1	3000000	52	0	5	-1	175000	3	8
120000	1	2	0	0	3	4	17	3100000	38	0	-1	-1	0	0	8
120000	1	2	0	0	4	4	12	3400000	35	0	1	-1	0	0	8
120000	7	3	0	0	4	4	12	5200000	-1	0	-1	-1	0	0	8
120000	1	2	0	0	4	4	12	0	50	0	6	-1	0	0	8
120000	1	2	0	0	4	4	20	4900000	37	0	11	10	113550	6	8
120000	1	2	0	0	4	4	13	4200000	42	0	2	-1	1000	1	8
120000	1	2	0	0	1	4	12	0	900	0	-1	-1	150000	1	8
120000	1	2	0	0	4	4	17	38800000	43	0	-1	-1	0	0	8
120000	1	2	0	0	1	4	3	40300000	90	0	-1	-1	165000	7	8
120000	1	2	0	0	4	4	8	160000	66	0	-1	-1	0	0	8
120000	1	2	0	0	4	4	13	36320000	50	0	0	-1	7694	1	8
120000	1	2	0	0	4	4	12	10900000	40	0	-1	-1	0	0	8
120000	1	2	48000	0	4	3	20	1100000	54	0	1	-1	120000	1	6
120000	7	3	0	0	4	4	17	6700000	-1	0	-1	-1	0	0	8
120000	1	2	24000	0	4	3	17	3000000	52	0	5	-1	175000	3	5
120000	1	2	0	0	4	4	12	4500000	36	0	1	-1	0	0	8
119000	3	2	119000	0	1	5	5	0	-1	0	-1	286672	100000	2	1
118659.28	1	2	118659.28	11	4	5	12	1000000	30	0	-1	-1	78000	1	1
118453.59	1	2	118453.59	7	1	5	8	59000000	119	0	4	-1	25700	3	1
118072.75	1	2	118072.75	25	4	5	3	13900000	-1	0	-1	150	19320	2	1
118000	1	2	0	0	4	4	-1	230000	-1	0	-1	-1	0	0	8
117340	5	2	46936	0	4	3	3	73100000	-1	0	-1	13000	117340	1	6
116298	1	2	0	17	1	4	12	150000	8	0	1	-1	0	0	8
116248.32	1	2	0	12	4	4	3	0	53	0	-1	25	136149.1	1	8
116144.2	1	2	0	11	4	4	-1	6800000	70	0	3	-1	0	0	8
116000	1	2	23200	0	1	3	5	-1	172	0	-1	-1	251347	3	5
116000	1	2	116000	0	4	5	-1	472644641	1102	0	-1	20000	0	0	1
115800	1	2	115800	3	1	5	10	0	350	0	-1	-1	0	0	1
115633.61	1	2	46253.44	23	4	1	12	980000	42	0	-1	-1	115633.61	1	6
115200	1	2	115200	0	4	5	-1	1546800000	2	0	-1	-1	365000	3	1
115000	1	2	46000	0	4	3	5	3000000	38	0	-1	-1	141487.23	2	6
115000	5	2	46000	0	4	3	13	4485456000	-1	0	-1	10000	115000	1	6
115000	1	2	23000	0	4	3	5	2200000	36	0	-1	-1	126173.42	2	5
115000	1	2	0	0	4	4	3	5844524	43	0	6	15	0	0	8
114900	5	2	22980	0	4	3	-1	119000000	2	0	-1	10000	114900	1	5
114875	1	2	114875	8	1	5	12	18600000	155	0	5	-1	0	1	1
114264.46	1	2	0	15	4	4	-1	6500000	70	0	5	35	0	0	8
114000	1	2	114000	7	4	5	-1	3800000	145	0	4	-1	3625	3	1
113840	1	2	0	0	4	4	-1	8550000000	2	0	-1	27000	0	1	8
113331.25	1	2	113331.25	0	3	5	-1	766385000	381	0	1	1	30000	1	1
113312	1	2	0	0	4	4	12	0	37	0	4	-1	0	0	8
113062.75	1	2	0	0	4	4	12	6600000	68	0	-1	-1	0	0	8
112825	1	2	112825	7	4	5	12	1800000	25	0	-1	-1	11800	1	1
112500	1	2	0	0	4	4	12	-1	-1	0	-1	4000	0	0	8
111505	1	2	111505	5	3	5	-1	1749019594	85	0	-1	-1	0	0	1
110271.25	1	2	110271.25	23	4	5	-1	1700000	28	0	-1	-1	735	1	1
110000	1	2	0	0	4	4	12	-1	35	0	1	10	0	0	8
110000	1	2	0	0	4	4	20	8200000	81	0	6	10	10000	1	8
110000	1	2	44000	0	4	1	20	-1	32	0	2	-1	110000	2	6
110000	1	2	0	0	4	4	12	1927300000	2	0	-1	-1	0	0	8
110000	1	2	0	0	4	4	13	140000	5	0	-1	-1	0	0	8
110000	7	3	0	0	4	4	-1	8200000	70	0	-1	-1	0	0	8
109924.89	1	2	109924.89	26	4	5	13	-1	35	0	1	10	0	0	1
109648	1	2	0	12	4	4	-1	190000	70	0	2	24	0	0	8
109408	1	2	109408	6	1	5	20	0	-1	0	-1	-1	107881.52	5	1
108300	1	2	108300	3	1	5	12	41000000	2200	0	-1	-1	-468.75	3	1
107956.8	1	2	107956.8	4	1	5	12	6000000	318	0	-1	300	752572.28	3	1
107341.2	1	2	0	19	4	4	3	190000	8	0	-1	-1	0	0	8
107250	5	2	0	0	4	4	-1	75100000	300	0	-1	3000	0	0	8
107190	1	2	107190	0	4	5	-1	0	3001	0	-1	285562	0	1	1
106000	5	2	0	0	4	4	-1	18400000	2	0	-1	9600	0	1	4
105859.49	1	2	105859.49	9	3	5	13	45000000	370	0	12	-1	38000	5	1
105762.65	1	2	0	24	1	4	-1	0	172	0	-1	-1	0	0	8
105650	7	3	0	10	4	4	12	120000	-1	0	-1	-1	0	0	8
105312.5	1	2	42125	0	1	3	-1	25700000	140	0	3	23	105312.5	1	6
105020	1	2	0	0	1	4	-1	200000	60	0	-1	-1	0	0	8
105000	1	2	0	0	4	4	-1	4095313	35	0	4	15	0	0	8
105000	1	2	42000	0	4	3	5	11000000	65	0	6	9	105000	1	6
105000	1	2	0	0	4	4	20	0	38	0	-1	-1	0	0	8
104740	1	2	104740	14	4	5	-1	-1	56	0	5	-1	0	0	1
103964.28	1	2	0	15	4	4	12	4400000	73	0	1	-1	50000	1	8
103660	7	3	0	29	4	4	-1	0	0	0	-1	-1	0	0	8
103327.5	1	2	103327.5	6	1	5	-1	22000000	151	0	7	-1	50000	2	1
103200	1	2	41280	12	4	1	14	0	1300	0	-1	-1	192487.5	4	6
103200	1	2	103200	0	4	5	-1	1130600000	4700	0	-1	-1	0	0	1
103000	1	2	0	0	4	4	-1	700000	350	0	-1	-1	23162	4	8
102700	1	2	0	0	4	4	-1	3100000	35	0	-1	-1	0	0	8
102400	1	2	102400	10	4	5	12	15200000	229	0	-1	-1	707191.68	10	1
101941.5	1	2	101941.5	6	1	5	5	22000000	151	0	7	-1	50000	2	1
101200	1	2	101200	0	4	5	-1	9260000000	0	0	-1	140000	0	0	1
101000	1	2	0	0	1	4	-1	0	1	0	-1	-1	100000	1	8
101000	1	2	40400	0	4	3	20	550000	100	0	5	-1	171360	2	6
100988.25	1	2	100988.25	25	4	5	18	2300000	18	0	-1	-1	0	0	1
100160	1	2	0	0	4	4	13	43500000	-1	0	-1	-1	425580	1	8
100000	1	2	0	0	4	4	20	5200000	50	0	-1	-1	20000	1	8
100000	7	3	0	0	4	4	20	-1	-1	0	-1	-1	95000	1	8
100000	1	2	0	0	4	4	12	2200000	29	0	1	-1	0	0	8
100000	1	2	20000	0	4	3	12	29900000	120	0	-1	-1	650000	3	5
100000	1	2	0	0	1	4	12	0	450	0	-1	-1	0	0	8
100000	2	2	40000	0	4	3	3	287122675	-1	0	-1	-1	100000	1	6
100000	1	2	0	0	4	4	12	1214086	35	0	2	10	0	0	8
100000	1	2	0	0	4	4	-1	19988782	300	0	-1	-1	28750	3	8
100000	1	2	0	0	4	4	-1	210000	-1	0	-1	-1	0	1	8
100000	1	2	0	0	4	4	-1	11200000	350	0	10	-1	32325	4	8
100000	1	2	20000	0	4	3	11	15200000	229	0	-1	-1	707191.68	10	5
100000	1	2	0	0	4	4	20	83000000	145	0	-1	-1	0	0	8
100000	1	2	100000	0	1	5	-1	521100000	2	0	-1	-1	107500	2	1
100000	1	2	0	0	4	4	20	3000000	164	0	6	-1	0	0	8
100000	1	2	0	0	4	4	10	0	95	0	-1	-1	0	0	8
100000	1	2	0	0	4	4	20	16300000	310	0	-1	-1	0	0	8
100000	1	2	100000	0	4	5	-1	5300000000	100	0	-1	180000	15000	2	1
100000	1	2	0	0	4	4	8	1000000	7	0	1	-1	0	0	8
100000	1	2	0	0	4	4	-1	7900000	123	0	-1	-1	62300	4	8
100000	1	2	40000	0	4	1	12	-1	36	0	2	-1	145619	3	6
100000	1	2	0	0	4	4	-1	0	508	0	4	300	300000	1	8
100000	1	2	40000	0	1	3	5	0	80	0	-1	80	185000	2	6
100000	1	2	0	0	4	4	12	2200000	29	0	1	-1	0	0	8
100000	1	2	40000	0	4	1	12	2800000	29	0	3	5	100000	1	6
100000	1	2	0	0	1	4	20	4347866	155	0	-1	-1	110000	2	8
100000	1	2	0	0	1	4	20	521100000	2	0	-1	-1	107500	2	8
100000	1	2	20000	0	4	1	3	2200000	26	0	1	-1	100000	1	5
100000	7	3	0	0	4	4	-1	13700000	160	0	-1	-1	0	0	8
100000	1	2	0	0	3	4	-1	2147483647	200	0	-1	-1	181250	2	8
100000	1	2	40000	0	1	1	10	220000000	400	0	-1	-1	110062.5	3	6
100000	2	2	100000	0	4	5	-1	-1	2	0	-1	-1	0	1	1
100000	1	2	40000	0	4	2	3	2000000	57	0	2	8	100000	1	6
100000	1	2	0	0	1	3	18	0	155	0	-1	-1	0	2	4
100000	1	2	0	0	4	4	-1	2600000	29	0	4	5	-13085.19	2	8
100000	1	2	0	0	4	4	20	1200000	30	0	3	-1	15000	1	8
100000	1	2	40000	0	4	3	3	20900000	211	0	0	0	100000	1	6
100000	1	2	100000	0	1	5	20	372300000	500	0	-1	-1	0	0	1
100000	1	2	0	0	4	4	18	0	0	0	-1	-1	25000	2	8
100000	1	2	0	0	4	4	-1	2600000	29	0	4	5	-13085.19	2	8
100000	7	3	0	0	4	4	20	-1	1000	0	-1	-1	0	0	8
100000	3	2	80000	0	1	1	-1	0	-1	0	-1	286672	100000	2	3
100000	1	2	0	0	4	4	-1	2900000	30	0	3	-1	0	0	8
100000	1	2	0	0	1	4	12	15200000	229	0	-1	-1	707191.68	10	8
100000	1	2	0	0	4	4	20	27000000	445	0	-1	-1	290869.5	8	8
100000	1	2	0	0	4	4	12	210000	20	0	1	-1	8000	1	8
100000	1	2	40000	0	4	1	5	0	28	0	1	10	140000	2	6
100000	1	2	0	0	4	4	-1	2000000	28	0	1	-1	0	0	8
100000	1	2	0	0	4	4	17	5000000	45	0	3	-1	15000	1	8
100000	1	2	0	0	4	4	5	220719566	-1	0	-1	-1	0	0	8
100000	1	2	20000	0	4	3	12	113636285	2	0	-1	-1	800000	2	5
100000	4	2	0	0	2	4	5	1386900000	-1	0	-1	-1	0	0	8
100000	1	2	20000	0	4	3	12	131483641	189	0	-1	-1	140000	2	5
100000	7	3	0	0	4	4	12	59150600	-1	0	-1	-1	50000	1	8
100000	1	2	0	0	4	4	10	0	400	0	-1	-1	77700	3	8
100000	1	2	0	0	4	4	-1	1700000	33	0	-1	-1	0	0	8
100000	1	2	0	0	4	4	20	8400000	75	0	-1	-1	50000	1	8
100000	1	2	20000	0	4	3	20	7000000	189	0	-1	-1	100000	3	5
100000	1	2	0	0	4	4	20	431438291	2	0	-1	-1	62500	3	4
100000	1	2	0	0	1	4	10	41000000	2200	0	-1	-1	-468.75	3	4
100000	1	2	0	0	4	4	-1	15492	160	0	-1	-1	2000	2	8
100000	1	2	0	0	4	4	10	3900000	38	0	0	0	0	0	8
100000	1	2	40000	0	4	3	5	-1	120	0	-1	-1	106200	2	6
100000	7	3	0	0	4	4	3	68700000	1709	0	-1	-1	0	1	8
100000	1	2	40000	0	4	3	12	-1	40	0	-1	-1	100000	1	6
100000	1	2	20000	0	4	3	5	22000000	650	0	-1	-1	115500	4	5
100000	1	2	40000	0	4	3	11	2629950000	2000	0	-1	-1	100000	1	6
100000	1	2	0	0	3	4	-1	11200000	350	0	10	-1	32325	4	8
100000	1	2	0	0	1	4	20	56400000	529	0	-1	-1	92000	7	4
100000	1	2	0	0	4	4	-1	7100000	54	0	1	20	41000	1	8
100000	1	2	20000	0	4	3	13	28900000	-1	0	-1	-1	287601.56	6	5
100000	1	2	20000	0	4	3	5	76193861	2	0	-1	-1	100000	1	5
100000	1	2	0	0	1	4	3	1500000	105	0	-1	-1	75750	6	8
100000	1	2	0	0	4	4	-1	15000000	48	0	1	10	42420	3	8
100000	1	2	0	0	4	4	-1	0	95	0	-1	-1	0	0	8
100000	1	2	0	0	4	4	5	8200000	56	0	-1	-1	150000	1	8
100000	1	2	20000	0	4	3	3	266000000	-1	0	-1	1213	100000	1	5
100000	1	2	40000	0	4	3	3	45000000	100	0	-1	-1	350000	2	6
100000	1	2	0	0	1	4	17	3900000	30	0	1	7	0	0	8
100000	1	2	0	0	4	4	-1	3800000	90	0	15	50	22500	1	8
100000	1	2	0	0	1	4	-1	0	0	0	-1	-1	0	0	8
100000	1	2	0	0	4	4	13	3400000	35	0	1	13	0	0	8
100000	1	2	0	0	4	4	17	-1	120	0	-1	-1	0	0	8
100000	1	2	0	0	4	4	-1	3000000	25	0	-1	-1	0	0	8
100000	1	2	0	0	3	4	12	470000	20	0	1	-1	0	0	8
100000	1	2	0	0	4	4	-1	660158000	430	0	-1	-1	55000	2	8
100000	1	2	0	0	4	4	5	200000	225	0	-1	-1	0	0	8
100000	1	2	0	0	1	4	-1	2000000	57	0	2	8	100000	1	8
100000	5	2	100000	0	4	5	-1	53900000	2	0	-1	51163	0	0	1
100000	1	2	0	0	4	4	1	0	95	0	-1	-1	0	0	8
100000	1	2	0	0	4	4	12	1500000	20	0	-1	-1	100000	2	8
99000	1	2	0	0	4	4	1	1000000	18	0	-1	-1	0	0	8
98700	5	2	19740	0	4	3	-1	-1	-1	0	-1	37000	138700	2	5
98150.5	7	3	0	11	4	4	-1	59000	-1	0	-1	-1	0	0	8
98000	1	2	0	0	4	4	-1	3200000	19	0	-1	-1	0	0	8
97500	1	2	0	0	4	4	-1	0	-1	0	-1	-1	3000	2	8
97500	1	2	0	0	4	4	12	33000000	22	0	-1	-1	0	0	8
97188.98	1	2	0	14	3	4	-1	7000000	140	0	-1	-1	70000	2	8
96833.93	1	2	96833.93	7	4	5	3	1600000	-1	0	-1	-1	0	0	1
96833.93	1	2	96833.93	7	4	5	3	1600000	-1	0	-1	-1	0	0	1
96800	1	2	19360	0	4	3	3	900000	10	0	-1	-1	96800	1	5
96767.58	1	2	38707.03	11	4	3	5	2500000	25	0	3	-1	96767.58	1	6
96500	1	2	38600	6	4	3	20	0	420	0	-1	-1	142000	2	6
96150	1	2	0	7	1	4	3	67200000	228	0	16	-1	2100	1	8
95920	5	2	95920	0	4	5	20	60800000	2	0	-1	2532	2800	1	1
95261.52	1	2	95261.52	4	1	5	-1	11900000	0	0	-1	-1	0	0	1
95000	7	3	0	0	4	4	12	1200000	15	0	-1	-1	0	0	8
95000	1	2	0	0	4	4	20	0	25	0	5	20	0	0	8
95000	7	3	0	0	4	4	20	130000	40	0	-1	-1	0	0	8
95000	1	2	0	0	4	4	-1	5800000	62	0	-1	-1	0	0	8
95000	7	3	0	0	4	4	5	46000	10	0	-1	-1	0	0	8
95000	2	2	0	0	4	4	15	580000	5	0	-1	-1	0	0	8
95000	1	2	0	0	4	4	-1	3400000	38	0	-1	-1	0	0	8
95000	1	2	0	0	4	4	17	171105209	51	0	1	-1	0	0	8
95000	1	2	0	0	4	4	-1	0	6	0	-1	-1	0	0	8
95000	7	3	19000	0	4	3	12	-1	-1	0	-1	-1	95000	1	5
95000	1	2	0	0	4	4	-1	0	50	0	-1	-1	0	0	8
95000	1	2	19000	0	3	3	20	263200000	0	0	1	-1	95000	2	5
95000	1	2	0	0	1	4	12	0	36	0	1	-1	25000	3	4
95000	1	2	19000	0	1	1	20	130000	43	0	2	20	95000	1	5
95000	1	2	19000	0	4	3	20	1300000	22	0	-1	-1	95000	1	5
95000	1	2	19000	0	4	1	5	190000	59	0	3	-1	130000	2	5
95000	1	2	19000	0	4	3	20	2200000	57	0	-1	-1	95000	2	5
95000	1	2	19000	0	4	3	5	390000	44	0	3	-1	95000	1	5
95000	7	3	0	0	4	4	5	3700000	51	0	1	-1	0	0	8
94732	1	2	66312.4	18	4	1	20	27000000	445	0	-1	-1	290869.5	8	3
94732	1	2	66312.4	18	4	1	20	27000000	445	0	-1	-1	290869.5	8	3
93860	1	2	93860	3	1	5	-1	0	2453	0	-1	-1	25700	3	1
93717.5	1	2	93717.5	3	1	5	-1	0	2453	0	-1	-1	25700	3	1
93717.5	1	2	93717.5	3	1	5	-1	0	2453	0	-1	-1	25700	3	1
93576.5	1	2	0	20	4	4	12	1200000	9	0	2	-1	0	0	8
93107.17	1	2	93107.17	19	4	5	-1	0	172	0	-1	-1	0	0	1
92914.86	1	2	92914.86	16	4	5	17	2500000	29	0	1	-1	0	0	1
92800	1	2	0	8	4	4	-1	8900000	75	0	4	-1	0	0	8
92520	1	2	0	0	4	4	-1	0	49	0	-1	-1	0	0	8
92229.6	1	2	92229.6	29	4	5	3	0	20	0	-1	-1	40000	1	1
92040	1	2	92040	5	1	5	5	15200000	229	0	-1	-1	707191.68	10	1
91872.04	1	2	0	10	4	4	-1	820000	46	0	-1	-1	0	0	8
91750	1	2	91750	10	4	5	1	29800000	197	0	1	2	0	0	1
91510.42	1	2	36604.17	18	3	3	12	1100000	19	0	1	-1	91510.42	1	6
91400	7	3	18280	0	4	3	13	138000000	50	0	-1	6000	91400	1	5
91292.75	1	2	91292.75	8	1	5	11	7900000	76	0	-1	-1	0	0	1
91140	1	2	91140	2	1	5	20	7100000	-1	0	-1	-1	0	0	1
91100	1	2	91100	0	4	5	-1	390000000	-1	0	-1	8000	0	0	1
91083.75	1	2	91083.75	15	4	5	-1	3300000	37	0	1	-1	48000	1	1
91000	1	2	0	0	4	4	-1	8900000	66	0	3	-1	0	0	8
90913.22	1	2	0	16	4	4	20	6200000	47	0	3	-1	0	0	8
90913.22	1	2	0	16	4	4	20	6200000	47	0	3	-1	0	0	8
90000	1	2	0	0	4	4	5	76193861	2	0	-1	-1	100000	1	8
90000	1	2	0	0	4	4	5	3400000	38	0	-1	-1	0	0	8
90000	1	2	90000	0	4	5	-1	1546800000	2	0	-1	-1	365000	3	1
90000	1	2	18000	0	4	3	12	15700000	150	0	-1	-1	91500	3	5
90000	1	2	0	0	4	4	12	7500000	2	0	-1	-1	0	0	8
90000	1	2	0	0	4	4	-1	3400000	30	0	-1	-1	0	0	8
90000	1	2	0	0	4	1	20	21100000	95	0	-1	-1	55000	3	4
90000	1	2	36000	0	1	1	12	2400000	49	0	1	-1	126000	2	6
90000	1	2	0	0	4	4	-1	140000	120	0	-1	-1	0	0	8
90000	1	2	36000	0	1	3	12	1700000	93	0	1	-1	97000	2	6
90000	2	2	0	0	4	4	-1	10200000	2	0	-1	-1	0	0	8
90000	1	2	0	0	4	4	13	10800000	159	0	-1	-1	0	0	8
90000	1	2	0	0	4	4	8	320000	58	0	2	-1	0	0	8
90000	7	3	0	0	4	4	-1	-1	5	0	-1	-1	0	0	8
90000	1	2	18000	0	4	1	20	3400000	28	0	-1	-1	220000	3	5
90000	1	2	18000	0	4	3	5	0	85	0	6	-1	90000	1	5
90000	1	2	36000	0	4	1	20	2400000	37	0	-1	-1	90000	1	6
90000	1	2	18000	0	4	3	20	600000000	135	0	-1	-1	232500	4	5
90000	7	3	0	0	4	4	12	0	110	0	-1	-1	0	0	8
90000	1	2	0	0	4	4	12	6200000	47	0	3	-1	0	0	8
90000	1	2	0	0	4	4	-1	6600000	62	0	-1	-1	0	0	8
90000	1	2	0	0	4	4	20	6200000	36	0	-1	-1	0	0	8
90000	1	2	18000	0	4	3	3	2100000	40	0	-1	-1	90000	1	5
90000	1	2	0	0	4	4	12	160000	15	0	-1	-1	80000	1	8
90000	1	2	0	0	4	4	-1	2200000	29	0	-1	-1	0	0	8
89710	1	2	0	6	4	4	5	50000	45	0	-1	5	0	0	8
89500	1	2	0	0	4	4	-1	384000	15	0	-1	-1	0	0	8
89000	1	2	0	0	4	4	12	7000000	15	0	3	-1	0	0	8
88380.16	1	2	88380.16	2	1	5	-1	9600000	256	0	5	-1	250000	3	1
88258.12	1	2	88258.12	8	4	5	5	3600000	42	0	-1	-1	0	0	1
88258.12	1	2	88258.12	8	4	5	5	3600000	42	0	-1	-1	0	0	1
88000	1	2	17600	0	4	3	5	1100000	26	0	1	-1	136000	4	5
87991.1	1	2	87991.1	15	4	5	-1	6500000	70	0	5	35	0	0	1
87620.26	1	2	87620.26	23	4	5	-1	2900000	29	0	1	9	0	0	1
87500	7	3	35000	0	4	3	20	86621046	175	0	-1	-1	87500	1	6
86830	7	3	0	0	4	4	20	14700000	-1	0	-1	-1	0	0	8
86487.5	1	2	34595	33	3	1	20	0	50	0	1	10	86487.5	1	6
86323	1	2	0	0	1	4	-1	1400000	80	0	-1	-1	10000	1	8
86323	1	2	0	5	4	4	-1	1400000	80	0	-1	-1	10000	1	8
86097	1	2	0	11	4	4	1	1000000	18	0	-1	-1	0	0	8
86000	1	2	17200	0	4	3	20	0	70	0	-1	-1	86000	1	5
85880	5	2	0	0	4	4	3	101000000	-1	0	-1	2000	0	0	8
85770	1	2	0	2	1	4	9	0	1300	0	-1	-1	192487.5	4	8
85758	1	2	0	0	4	4	5	6200000	65	0	2	-1	0	0	8
85600	1	2	0	0	4	4	12	-1	50	0	4	-1	85500	1	8
85500	1	2	17100	0	4	3	12	-1	50	0	4	-1	85500	1	5
85453	1	2	34181.2	9	4	3	13	97000	12	0	-1	-1	85453	1	6
85000	1	2	0	0	4	4	-1	10400000	66	0	15	-1	6002.5	2	8
85000	1	2	0	0	4	4	-1	2400000	23	0	-1	5	0	0	8
85000	2	2	17000	0	4	3	5	490000	22	0	-1	-1	85000	1	5
85000	1	2	0	0	4	4	-1	1400000	24	0	1	5	0	0	8
85000	1	2	0	0	4	4	20	700000	43	0	-1	-1	60203	2	8
85000	1	2	0	0	1	4	-1	27000000	167	0	-1	-1	208460	6	8
85000	1	2	34000	0	4	1	5	2000000	58	0	3	-1	85000	1	6
85000	7	3	0	0	4	4	13	3900000	36	0	-1	-1	0	0	8
85000	1	2	17000	0	4	3	13	0	11	0	-1	-1	85000	1	5
85000	1	2	0	0	1	4	6	0	55	0	-1	-1	1600	1	8
85000	1	2	34000	0	4	3	5	0	80	0	-1	80	185000	2	6
85000	1	2	0	0	4	4	20	3600000	36	0	-1	-1	0	0	8
85000	7	3	34000	0	4	3	12	460000	21	0	-1	-1	85000	1	6
85000	1	2	17000	0	4	3	17	1900000	-1	0	1	-1	85000	1	5
85000	1	2	34000	0	4	1	12	3400000	33	0	3	6	85000	1	6
85000	7	3	0	0	4	4	2	200000	2	0	-1	-1	0	0	8
85000	1	2	0	0	1	4	20	2200000	30	0	-1	1500	15000	1	8
85000	1	2	34000	0	1	3	9	0	25	0	1	-1	105000	2	6
85000	1	2	0	0	4	4	5	6800000	69	0	3	-1	0	0	8
85000	1	2	0	0	4	4	-1	0	43	0	1	-1	4569	2	8
85000	1	2	0	0	4	4	5	0	80	0	-1	80	185000	2	8
85000	1	2	0	0	4	4	20	8800000	65	0	-1	-1	0	0	8
85000	1	2	0	0	4	4	12	3000000	-1	0	-1	-1	51755	2	8
85000	1	2	0	0	1	4	-1	2200000	30	0	-1	1500	15000	1	8
84990	5	2	0	0	4	4	-1	54900000000	-1	0	-1	8600	0	0	8
84733.82	1	2	33893.53	31	3	1	11	76000000	80	0	2	10	86261.82	2	6
84579	7	3	33831.6	24	4	1	8	210000	200	0	-1	-1	84579	1	6
84579	7	3	33831.6	24	4	1	8	210000	200	0	-1	-1	84579	1	6
84579	7	3	33831.6	24	4	1	8	210000	200	0	-1	-1	84579	1	6
84546	1	2	84546	2	1	5	10	27000000	400	0	-1	-1	14000	1	1
84546	1	2	84546	2	1	5	10	27000000	400	0	-1	-1	14000	1	1
84465.5	1	2	0	8	3	4	8	20000000	80	0	-1	-1	30000	2	8
84400	5	2	16880	0	4	3	5	-1	-1	0	-1	6600	84400	1	5
84000	7	3	16800	0	4	3	5	0	3	0	-1	-1	84000	1	5
83889.75	1	2	83889.75	3	3	5	20	23200000	250	0	-1	-1	0	1	1
83889.75	1	2	83889.75	3	3	5	20	23200000	250	0	-1	-1	0	1	1
83889.75	1	2	83889.75	3	3	5	20	23200000	250	0	-1	-1	0	1	1
83712.5	1	2	83712.5	15	4	5	-1	2300000	18	0	-1	-1	0	0	1
83712.5	1	2	83712.5	15	4	5	-1	2300000	18	0	-1	-1	0	0	1
83712.5	1	2	83712.5	15	4	5	-1	2300000	18	0	-1	-1	0	0	1
83700	7	3	0	0	4	4	12	520000	6	0	-1	-1	0	0	8
83550	5	2	83550	0	4	5	10	11900000	-1	0	-1	100	0	1	1
83279	1	2	0	0	4	4	12	3000000	124	0	1	-1	10000	2	8
83007.5	1	2	83007.5	8	4	5	5	620000	20	0	-1	-1	0	0	1
83007	1	2	33202.8	9	4	1	8	920000	26	0	-1	-1	83007	1	6
83007	1	2	33202.8	9	4	1	8	920000	26	0	-1	-1	83007	1	6
82748.27	1	2	82748.27	21	4	5	12	6000000	50	0	-1	-1	0	0	1
82294.68	1	2	0	6	4	4	5	3600000	38	0	1	-1	0	0	8
82294.68	1	2	0	6	4	4	5	3600000	38	0	1	-1	0	0	8
82200	1	2	82200	3	1	5	20	268000000	2500	0	-1	-1	316800	2	1
82200	1	2	82200	3	1	5	20	268000000	2500	0	-1	-1	316800	2	1
82070.95	1	2	82070.95	9	4	5	-1	2400000	49	0	1	-1	126000	2	1
82070.95	1	2	82070.95	9	4	5	-1	2400000	49	0	1	-1	126000	2	1
82000	1	2	16400	0	4	3	12	490000	9	0	-1	-1	82000	1	5
82000	7	3	16400	0	4	3	12	85000	2	0	-1	-1	94000	2	5
81585	1	2	81585	2	1	5	20	23300000	-1	0	2	-1	29500	1	1
81585	1	2	81585	2	1	5	20	23300000	-1	0	2	-1	29500	1	1
81585	1	2	81585	2	1	5	20	23300000	-1	0	2	-1	29500	1	1
81340	1	2	0	2	1	4	-1	180000	200	0	-1	-1	10300	3	8
81050	1	2	56735	3	1	2	5	0	95	0	-1	-1	116450	2	3
81050	1	2	0	3	1	4	-1	0	95	0	-1	-1	116450	2	8
80836	1	2	32334.4	12	4	3	20	0	200	0	-1	-1	80836	1	6
80000	1	2	32000	0	4	1	18	1700000	40	0	2	-1	80000	1	6
80000	1	2	0	0	4	4	12	1400000	15	0	4	-1	0	0	8
80000	1	2	0	0	4	4	5	2200000	57	0	-1	-1	95000	2	4
80000	1	2	0	0	4	4	12	3800000	32	0	3	-1	0	0	8
80000	7	3	0	0	4	4	5	474000	0	0	-1	-1	40000	1	8
80000	1	2	0	0	4	4	1	0	28	0	-1	-1	25000	1	8
80000	1	2	0	0	1	4	20	15300000	0	0	-1	-1	70000	1	8
80000	7	3	0	0	4	4	20	474000	0	0	-1	-1	40000	1	8
80000	7	3	0	0	4	4	-1	1800000	30	0	-1	-1	0	0	8
80000	1	2	0	0	4	4	12	25300000	201	0	-1	-1	4900	4	8
80000	1	2	32000	0	4	1	3	1700000	21	0	-1	-1	80000	1	6
80000	1	2	0	0	4	4	12	7600000	39	0	-1	-1	0	0	8
80000	1	2	0	0	1	4	12	180500000	165	0	-1	-1	14000	2	8
80000	1	2	32000	0	4	3	20	4000000	27	0	-1	-1	120000	2	6
80000	1	2	16000	0	4	3	20	3200000	44	0	-1	-1	80000	1	5
80000	7	3	0	0	4	4	-1	3800000	35	0	-1	-1	102000	2	8
80000	1	2	0	0	1	4	3	0	350	0	-1	-1	0	0	8
80000	1	2	0	0	1	4	12	40300000	90	0	-1	-1	165000	7	4
80000	1	2	16000	0	4	3	5	1500000	35	0	-1	-1	80000	1	5
80000	1	2	0	0	4	4	12	0	24	0	-1	-1	0	0	8
80000	1	2	0	0	4	4	-1	0	40	0	1	-1	0	0	8
80000	1	2	16000	0	4	3	12	160000	15	0	-1	-1	80000	1	5
80000	1	2	0	0	4	4	1	100000	37	0	-1	-1	0	0	8
80000	1	2	0	0	4	4	17	22644528	120	0	-1	-1	70000	1	8
80000	1	2	80000	0	1	5	8	61300000	1001	0	-1	-1	0	0	1
79633	1	2	0	0	1	4	5	94723000	100	0	-1	-1	235635	2	8
79400	1	2	79400	3	1	5	12	41000000	2200	0	-1	-1	-468.75	3	1
79400	1	2	79400	3	1	5	12	41000000	2200	0	-1	-1	-468.75	3	1
79381.48	1	2	79381.48	16	4	5	17	0	35	0	-1	-1	-1331.25	1	1
79307.16	1	2	0	8	4	4	-1	490000	18	0	-1	-1	0	0	8
79000	7	3	0	0	4	4	12	120000	5	0	-1	-1	0	0	8
78657.4	1	2	78657.4	21	4	5	12	750000	76	0	-1	-1	0	0	1
78600	7	3	0	0	4	4	12	4750000	-1	0	-1	-1	0	0	8
78500	1	2	0	0	4	4	17	1800000	14	0	-1	-1	0	0	8
78300	1	2	78300	4	1	5	5	604800000	875	0	-1	-1	0	0	1
78125	1	2	78125	1	4	5	12	28900000	-1	0	-1	-1	287601.56	6	1
78000	1	2	0	0	4	4	8	350000	9	0	-1	-1	0	0	8
78000	1	2	0	0	4	4	-1	1300000	30	0	-1	-1	0	0	8
78000	1	2	15600	0	4	3	12	1000000	30	0	-1	-1	78000	1	5
77800	7	3	0	0	4	4	12	25873596	-1	0	-1	-1	0	0	8
77000	1	2	30800	0	4	3	20	750000	8	0	-1	-1	77000	1	6
76598	1	2	15319.6	0	4	3	3	7	24	0	-1	4	76598	1	5
76185	1	2	30474	3	3	3	8	7800000	92	0	-1	-1	76185	1	6
76000	7	3	0	0	4	4	13	360000	47	0	2	-1	0	0	8
76000	1	2	0	0	4	4	-1	960000	10	0	-1	-1	0	0	8
76000	1	2	0	0	1	4	-1	150000	-1	0	-1	250	0	0	8
75950	1	2	30380	4	4	3	20	500000	5	0	-1	-1	75950	1	6
75758	1	2	0	6	4	4	8	460000	33	0	3	1	0	0	8
75705	1	2	75705	2	1	5	3	0	115	0	-1	-1	122100	3	1
75625	1	2	30250	1	1	3	3	0	-1	0	-1	-1	107881.52	5	6
75535.35	7	3	0	19	4	4	-1	-1	50	0	-1	-1	0	0	8
75535.35	7	3	0	19	4	4	-1	-1	50	0	-1	-1	0	0	8
75514	1	2	0	6	4	4	20	1700000	40	0	2	-1	80000	1	8
75275	7	3	0	10	4	4	20	150000	15	0	-1	-1	0	0	8
75000	1	2	0	0	4	4	-1	19500000	263	0	-1	-1	69921	2	8
75000	1	2	0	0	4	4	8	2400000	37	0	3	-1	0	0	8
75000	1	2	30000	0	4	3	20	5100000	150	0	-1	-1	75250	2	6
75000	1	2	0	0	4	4	-1	0	-1	0	-1	-1	0	0	8
75000	1	2	0	0	4	4	8	50000	45	0	-1	5	0	0	8
75000	1	2	15000	0	4	3	20	3300000	42	0	-1	-1	75000	1	5
75000	1	2	0	0	4	4	12	21500000	250	0	-1	-1	0	0	8
75000	7	3	0	0	4	4	5	-1	40	0	-1	-1	0	0	8
75000	5	2	15000	0	1	3	5	1597475000	-1	0	-1	27000	75000	1	5
75000	1	2	0	0	4	4	12	2400000	33	0	1	-1	-1031.25	1	8
75000	2	2	75000	0	1	5	-1	13700000	130	0	-1	-1	0	0	1
75000	1	2	30000	0	3	3	12	845703095	680	0	-1	-1	78528	2	6
75000	1	2	0	0	4	4	20	2200000	30	0	1	10	0	0	8
75000	1	2	0	0	4	4	-1	17100000	90	0	-1	-1	8200	1	8
75000	1	2	30000	0	1	3	20	521100000	2	0	-1	-1	107500	2	6
75000	1	2	30000	0	4	3	5	0	27	0	-1	-1	300000	2	6
75000	1	2	30000	0	1	3	5	21487232	2	0	-1	-1	75000	1	6
75000	1	2	0	0	4	4	5	1500000	27	0	-1	-1	0	0	8
75000	1	2	30000	0	1	3	8	76852729	80	0	-1	-1	75000	1	6
75000	1	2	30000	0	4	3	12	3600000	70	0	-1	3500	75000	1	6
75000	1	2	0	0	4	4	-1	0	30	0	-1	-1	0	0	8
75000	3	2	75000	0	1	5	5	0	-1	0	-1	286672	100000	2	1
75000	1	2	0	0	4	4	13	4370000	80	0	-1	-1	250000	1	8
75000	1	2	0	0	4	4	-1	1200000	28	0	6	-1	53970	1	8
75000	1	2	15000	0	1	3	20	15900000	330	0	-1	-1	335000	5	5
75000	1	2	15000	0	4	1	20	5000000	51	0	1	-1	75000	1	5
75000	1	2	0	0	4	4	20	2587800000	4800	0	-1	-1	615000	3	8
75000	7	3	0	0	4	4	12	1600000	16	0	-1	-1	0	0	8
75000	1	2	0	0	4	4	-1	3700000	2	0	-1	-1	0	0	8
75000	1	2	0	0	4	4	5	59000000	119	0	4	-1	25700	3	8
75000	7	3	0	0	4	4	-1	2900000	26	0	-1	-1	0	0	8
75000	1	2	0	0	4	4	-1	1900000	27	0	2	-1	0	0	8
75000	1	2	15000	0	1	3	20	196688012	120	0	-1	-1	145000	3	5
75000	1	2	15000	0	4	3	5	12000000	-1	0	-1	-1	131200	3	5
75000	1	2	0	0	1	4	-1	0	508	0	4	300	300000	1	8
75000	1	2	0	0	4	4	-1	2900000	35	0	4	17	0	0	8
75000	1	2	0	0	4	4	20	3600000	51	0	1	-1	0	0	8
75000	1	2	0	0	4	4	-1	31414875	42	0	-1	-1	0	0	8
75000	7	3	0	0	4	4	-1	1800000	-1	0	-1	-1	0	0	8
75000	1	2	0	0	4	4	-1	3300000	33	0	-1	-1	0	0	8
75000	1	2	0	0	4	4	-1	120000	-1	0	-1	-1	0	0	8
75000	1	2	0	0	4	4	6	50000000	100	0	-1	-1	0	0	8
75000	1	2	30000	0	4	3	20	2900000	50	0	2	-1	75000	1	6
75000	1	2	15000	0	1	1	20	19300180	60	0	-1	-1	100000	2	5
75000	1	2	15000	0	4	3	12	1100000	21	0	-1	-1	75000	1	5
75000	7	3	0	0	4	4	20	47700000	-1	0	-1	-1	0	1	4
75000	1	2	30000	0	1	1	3	6900000	100	0	-1	-1	75000	1	6
75000	1	2	15000	0	4	3	12	410000	54	0	14	18	85500	2	5
75000	1	2	15000	0	4	3	6	600000000	135	0	-1	-1	232500	4	5
75000	1	2	0	0	4	4	20	5200000	60	0	2	7	125000	1	8
75000	1	2	15000	0	1	3	5	0	2500	0	-1	-1	375000	4	5
75000	1	2	15000	0	4	3	13	1600000	20	0	1	4	80635.25	2	5
75000	1	2	30000	0	1	3	8	0	100	0	-1	-1	84200	2	6
75000	7	3	15000	0	4	3	12	2772968	-1	0	-1	-1	75000	1	5
75000	1	2	0	0	4	4	3	1600000	46	0	-1	-1	0	0	8
75000	7	3	0	0	4	4	20	380000	-1	0	-1	-1	0	0	8
75000	1	2	15000	0	4	3	11	24400000	560	0	-1	-1	175000	4	5
75000	2	2	15000	0	4	3	12	11500000	400	0	1	2	75000	1	5
75000	7	3	15000	0	4	3	20	243594000	300	0	-1	-1	375000	2	5
75000	1	2	0	0	4	4	5	800000	30	0	1	-1	0	0	8
74973.3	1	2	0	20	4	4	5	0	20	0	-1	-1	0	0	8
74973.3	1	2	0	20	4	4	5	0	20	0	-1	-1	0	0	8
74973.3	1	2	0	20	4	4	5	0	20	0	-1	-1	0	0	8
74973.3	1	2	0	20	4	4	5	0	20	0	-1	-1	0	0	8
74955	1	2	0	0	4	4	-1	4600000	45	0	-1	12	0	0	8
74920	1	2	0	0	4	4	-1	390000000	-1	0	-1	8000	0	0	8
74850	1	2	74850	3	3	5	-1	487800000	240	0	-1	-1	38700	3	1
74850	1	2	74850	3	3	5	-1	487800000	240	0	-1	-1	38700	3	1
74714.3	1	2	74714.3	9	1	5	3	27000000	400	0	-1	-1	14000	1	1
74510.63	1	2	29804.25	17	4	3	5	1600000	20	0	-1	-1	74510.63	2	6
74510.63	1	2	29804.25	17	4	3	5	1600000	20	0	-1	-1	74510.63	2	6
74200	7	3	0	0	4	4	-1	103000000	-1	0	-1	1295	0	1	8
74016.25	7	3	0	6	4	4	-1	150000	18	0	-1	-1	0	0	8
74000	1	2	74000	0	4	5	-1	499000000	-1	0	-1	4000	0	0	1
73850	1	2	73850	3	3	5	-1	766385000	381	0	1	1	30000	1	1
73800	7	3	0	0	4	4	-1	652607	22	0	2	6	0	0	8
73450	7	3	0	0	4	4	-1	5100000	45	0	-1	-1	0	0	8
73069.15	1	2	73069.15	19	4	5	3	44000	16	0	-1	-1	0	0	1
73069.15	1	2	73069.15	19	4	5	3	44000	16	0	-1	-1	0	0	1
73069.15	1	2	73069.15	19	4	5	3	44000	16	0	-1	-1	0	0	1
72920	1	2	0	0	4	4	-1	170000	500	0	-1	473	0	1	8
72795.15	1	2	29118.06	10	1	1	5	15200000	229	0	-1	-1	707191.68	10	6
72795.15	1	2	29118.06	10	1	1	5	15200000	229	0	-1	-1	707191.68	10	6
72649.6	1	2	0	17	4	4	12	6000000	6	0	-1	-1	0	0	8
72388.75	1	2	28955.5	19	4	1	3	460000	23	0	-1	-1	72388.75	1	6
72380	5	2	0	0	4	4	3	33000000	-1	0	-1	2000	0	0	8
72275	1	2	72275	2	1	5	12	22100000	800	0	-1	-1	43250	4	1
72000	7	3	0	0	4	4	5	950000	24	0	-1	-1	0	0	8
72000	1	2	0	0	4	4	13	2900000	38	0	-1	8	0	0	8
71943.2	1	2	71943.2	18	4	5	3	2400000	-1	0	-1	-1	0	0	1
71800	1	2	28720	3	1	1	20	160000	19	0	-1	-1	105300	3	6
71773.2	1	2	71773.2	9	4	5	20	4100000	40	0	0	-1	0	0	1
71600	1	2	50120	7	4	1	12	9800000	130	0	-1	-1	81600	3	3
71262	1	2	71262	18	4	5	12	210000	50	0	-1	-1	0	0	1
71147	1	2	0	0	4	4	-1	2400000	49	0	1	-1	126000	2	8
71000	1	2	0	0	4	4	-1	0	40	0	-1	-1	0	0	8
70921	1	2	28368.4	0	4	3	20	19500000	263	0	-1	-1	69921	2	6
70921	1	2	28368.4	0	4	3	20	19500000	263	0	-1	-1	69921	2	6
70680	1	2	0	0	4	4	12	3200000	54	0	-1	-1	0	0	8
70500	1	2	0	0	1	4	-1	3500000	377	0	-1	-1	0	0	8
70200	1	2	49140	7	1	1	5	12038245	-1	0	-1	-1	72200	2	3
70200	1	2	49140	7	1	1	5	12038245	-1	0	-1	-1	72200	2	3
70200	1	2	49140	7	1	1	5	12038245	-1	0	-1	-1	72200	2	3
70200	1	2	49140	7	1	1	5	12038245	-1	0	-1	-1	72200	2	3
70137.5	1	2	0	5	4	4	-1	2300000	19	0	1	-1	0	0	8
70000	1	2	0	0	3	4	-1	0	50	0	-1	-1	0	0	8
70000	1	2	0	0	4	4	20	0	150	0	-1	-1	80000	2	8
70000	1	2	0	0	1	4	-1	474200000	3000	0	-1	-1	110600	4	8
70000	2	2	28000	0	1	1	20	0	7	0	-1	-1	70000	1	6
70000	1	2	14000	0	4	3	12	22644528	120	0	-1	-1	70000	1	5
70000	1	2	0	0	4	4	-1	2147483647	200	0	-1	-1	181250	2	8
70000	1	2	0	0	4	4	12	3100000	32	0	6	-1	0	0	8
70000	1	2	28000	0	1	3	12	6900000	1485	0	70	-1	70000	1	6
70000	1	2	0	0	4	4	-1	0	120	0	-1	-1	-2750	1	8
70000	1	2	14000	0	1	3	20	15300000	0	0	-1	-1	70000	1	5
70000	7	3	0	0	4	4	20	4200000	30	0	-1	-1	0	0	8
70000	1	2	0	0	4	4	-1	2900000	29	0	1	9	0	0	8
70000	7	3	14000	0	4	3	5	250000	26	0	2	-1	70000	1	5
70000	7	3	0	0	4	4	20	5000000	34	0	5	-1	0	0	8
70000	1	2	0	0	4	4	-1	950000	35	0	-1	-1	0	0	8
69950	1	2	69950	4	1	5	20	220000000	400	0	-1	-1	110062.5	3	1
69850	1	2	69850	3	3	5	-1	-1	140	0	-1	-1	20490	2	1
69850	1	2	69850	3	3	5	-1	-1	140	0	-1	-1	20490	2	1
69800	7	3	0	0	4	4	12	4750000	-1	0	-1	-1	0	0	8
69775.1	1	2	69775.1	15	4	5	20	0	20	0	-1	-1	0	0	1
69600	1	2	69600	3	3	5	20	0	0	0	-1	-1	25000	2	1
69500	1	2	13900	0	4	3	8	340000	4	0	-1	-1	69500	1	5
69000	1	2	0	0	4	4	17	140000	5	0	-1	-1	0	0	8
69000	7	3	0	0	4	4	5	0	28	0	-1	-1	0	0	8
68800	1	2	0	7	4	4	20	200000	-1	0	-1	-1	0	0	8
68459.88	1	2	0	15	4	4	8	7003620	60	0	13	-1	0	0	8
68459.88	1	2	0	15	4	4	8	7003620	60	0	13	-1	0	0	8
68200	1	2	0	0	3	4	-1	31300000	-1	0	-1	-1	0	0	8
68106.36	1	2	0	19	3	4	20	480000	7	0	-1	-1	0	0	8
68048	1	2	0	19	3	4	-1	480000	7	0	-1	-1	0	0	8
68000	1	2	13600	0	4	3	20	154700000	320	0	-1	-1	318000	2	5
68000	1	2	0	0	1	4	-1	20900000	211	0	0	0	100000	1	8
67977.6	1	2	67977.6	19	4	5	5	2200000	25	0	1	6	0	0	1
67660	1	2	67660	13	1	5	3	15200000	229	0	-1	-1	707191.68	10	1
67660	1	2	67660	13	1	5	3	15200000	229	0	-1	-1	707191.68	10	1
67641.44	1	2	67641.44	13	4	5	-1	430000	13	0	-1	600	30000	3	1
67375	1	2	67375	2	1	5	-1	766385000	381	0	1	1	30000	1	1
67140	1	2	26856	6	1	1	3	420000	1300	0	-1	-1	67140	1	6
67032	1	2	0	20	4	4	11	0	30	0	2	-1	0	0	8
66711	1	2	0	14	1	4	-1	-1	20	0	-1	-1	0	0	8
66711	1	2	0	14	1	4	-1	-1	20	0	-1	-1	0	0	8
66540	1	2	0	0	4	4	-1	650000	8	0	-1	-1	0	0	8
66350.45	1	2	0	19	4	4	12	0	23	0	-1	-1	0	0	8
66150	1	2	66150	2	1	5	-1	72981767	200	0	-1	-1	0	0	1
66020	1	2	66020	12	4	5	5	4200000	45	0	4	-1	1000	1	1
66012	1	2	26404.8	26	4	3	5	12400000	63	0	-1	-1	66012	1	6
66000	2	2	0	0	4	4	-1	2100000	25	0	-1	-1	0	0	8
66000	1	2	13200	0	4	3	20	3100000	35	0	-1	-1	66000	1	5
65976	1	2	0	0	4	4	13	3300000	125	0	4	30	16450	1	8
65928.08	2	2	0	6	4	4	-1	6	19	0	-1	-1	0	0	8
65627	1	2	65627	4	1	5	20	0	1000	0	-1	-1	1000000	1	1
65540.88	1	2	65540.88	2	1	5	-1	180000	1200	0	-1	-1	0	0	1
65235	1	2	0	0	4	4	5	210000	56	0	-1	-1	0	0	8
65000	1	2	13000	0	4	3	8	2100000	33	0	-1	-1	65000	1	5
65000	1	2	0	0	4	4	-1	0	23	0	-1	-1	0	0	8
65000	1	2	0	0	4	4	-1	840000	5	0	-1	-1	0	0	8
65000	7	3	0	0	4	4	17	8900000	70	0	-1	-1	0	0	8
65000	1	2	13000	0	1	3	11	145000000	-1	0	-1	-1	110000	2	5
65000	1	2	0	0	4	4	13	340000	16	0	-1	-1	0	0	8
65000	1	2	0	0	4	4	5	2200000	22	0	-1	-1	0	0	8
65000	7	3	0	0	4	4	3	200000	17	0	10	-1	0	0	8
65000	1	2	26000	0	4	3	5	2400000	15	0	1	-1	70000	2	6
65000	1	2	0	0	4	4	5	1700000	21	0	1	5	0	0	8
65000	7	3	0	0	4	4	-1	1300000	28	0	-1	-1	0	0	8
65000	1	2	65000	0	4	5	-1	1130600000	4700	0	-1	-1	0	0	1
65000	1	2	0	0	4	4	3	3100000	76	0	-1	-1	0	0	8
65000	1	2	65000	0	4	5	-1	1546800000	2	0	-1	-1	365000	3	1
65000	1	2	0	0	4	4	-1	2700000	27	0	-1	-1	60000	1	8
65000	1	2	0	0	4	4	5	150000	15	0	1	-1	0	0	8
65000	1	2	0	0	4	4	-1	2500000	25	0	-1	-1	0	0	8
64630	1	2	64630	4	1	5	-1	0	172	0	-1	-1	0	0	1
64470	1	2	45129	17	3	1	20	6500000	200	0	4	-1	75320	3	3
64470	1	2	45129	17	3	1	20	6500000	200	0	4	-1	75320	3	3
64240.47	1	2	64240.47	13	4	5	3	0	53	0	-1	25	136149.1	1	1
64140	7	3	0	0	4	4	18	390000	16	0	-1	3000	0	0	8
63725	1	2	63725	5	1	5	13	1926000000	100	0	-1	-1	7400	1	1
63675	1	2	25470	2	1	1	10	0	1300	0	-1	-1	192487.5	4	6
63125	1	2	63125	14	1	5	-1	28900000	-1	0	-1	-1	287601.56	6	1
63100	1	2	12620	0	4	3	8	2400000	22	0	-1	-1	63100	1	5
62937.5	1	2	0	0	1	4	3	146100000	256	0	-1	-1	-4500	2	8
62625	1	2	62625	0	1	5	-1	23600000	120	0	-1	-1	40000	2	1
62500	1	2	25000	0	1	3	20	600000000	135	0	-1	-1	232500	4	6
62422	1	2	12484.4	6	1	3	20	8400000	-1	0	-1	-1	62422	2	5
62104.75	1	2	0	19	4	4	-1	3200000	35	0	-1	-1	14000	1	8
62028.75	2	2	62028.75	19	4	5	5	2700000	17	0	-1	-1	0	0	1
61663.38	1	2	61663.38	16	4	5	5	2700000	31	0	1	-1	35000	1	1
61612.2	1	2	61612.2	2	1	5	3	0	1000	0	-1	-1	1000000	1	1
61600	1	2	0	0	4	4	5	33700000	219	0	-1	12500	125900	1	8
61490.28	1	2	61490.28	16	4	5	-1	-1	20	0	-1	-1	0	0	1
61360	1	2	0	0	4	4	-1	1800000	25	0	-1	-1	0	0	8
61160	1	2	61160	10	4	5	12	15200000	229	0	-1	-1	707191.68	10	1
60900	1	2	0	0	4	4	-1	2147483647	14487	0	-1	-1	0	0	8
60826.45	1	2	60826.45	21	3	5	17	20000000	80	0	-1	-1	30000	2	1
60720	7	3	0	0	4	4	17	-1	-1	0	-1	2500	0	1	4
60660	1	2	60660	5	1	5	5	700000	150	0	-1	-1	50190	2	1
60450	1	2	60450	9	4	5	10	5300000	76	0	-1	-1	0	0	1
60362	1	2	0	9	3	4	17	3000000	110	0	-1	-1	0	0	8
60200	1	2	60200	6	1	5	20	-1	65	0	-1	-1	61250	3	1
60070	1	2	60070	0	1	5	-1	45000000	370	0	12	-1	38000	5	1
60040.5	1	2	0	14	4	4	20	150000	80	0	2	-1	0	0	8
60040	1	2	0	7	4	4	-1	4700000	57	0	-1	-1	0	0	8
60000	1	2	24000	0	1	3	20	15900000	330	0	-1	-1	335000	5	6
60000	1	2	60000	3	1	5	8	33000000	258	0	-1	-1	451323	1	1
60000	7	3	0	0	4	4	5	0	16	0	4	-1	0	0	8
60000	3	2	0	0	4	4	-1	0	74	0	-1	36153	0	0	8
60000	7	3	0	0	4	4	5	0	25	0	-1	-1	0	0	8
60000	1	2	0	0	3	4	13	9100000	55	0	2	-1	0	0	8
60000	7	3	0	0	4	4	-1	150000	-1	0	-1	-1	0	0	8
60000	1	2	24000	0	4	3	3	140000	28	0	-1	-1	108270	2	6
60000	1	2	60000	1	1	5	-1	45000000	370	0	12	-1	38000	5	1
60000	1	2	0	0	4	4	12	1500000	20	0	1	-1	0	0	8
60000	1	2	0	0	4	4	12	71000	50	0	2	3	0	0	8
60000	1	2	0	0	1	4	12	1200000	38	0	2	-1	10912	1	8
60000	1	2	0	0	1	4	-1	0	40	0	-1	-1	18200	1	8
60000	7	3	0	0	4	4	17	2522700000	-1	0	-1	-1	0	0	8
60000	1	2	0	0	4	4	-1	1600000	16	0	-1	-1	0	0	8
60000	1	2	0	0	4	4	-1	0	0	0	-1	-1	25000	2	8
60000	1	2	0	0	4	4	13	7300000	60	0	-1	-1	0	0	8
60000	7	3	0	0	4	4	-1	3900000	36	0	-1	-1	0	0	8
60000	1	2	0	0	4	4	-1	550000	7	0	-1	-1	3500	1	8
60000	1	2	0	0	3	4	-1	9400000	64	0	-1	-1	0	0	8
60000	7	3	0	0	4	4	-1	0	5	0	1	-1	0	0	8
60000	1	2	0	0	1	4	-1	0	-1	0	-1	-1	0	0	8
60000	1	2	0	0	4	4	13	7300000	60	0	-1	-1	0	0	8
60000	1	2	12000	0	4	3	5	0	25	0	-1	-1	60000	1	5
60000	7	3	0	0	4	4	12	460000	-1	0	-1	-1	0	0	8
60000	1	2	60000	1	1	5	8	15200000	229	0	-1	-1	707191.68	10	1
60000	1	2	12000	0	4	3	5	1500000	90	0	-1	70	61260	2	5
60000	1	2	24000	0	1	1	17	4900000	37	0	11	10	113550	6	6
60000	7	3	12000	0	4	3	20	3800000	35	0	-1	-1	102000	2	5
60000	1	2	12000	0	4	3	5	0	30	0	-1	-1	60000	1	5
60000	1	2	12000	0	4	3	20	690000	26	0	2	-1	72157.65	3	5
60000	1	2	24000	0	3	1	20	0	143	0	-1	-1	89000	3	6
60000	1	2	0	0	1	3	17	0	500	0	35	-1	90784	6	4
60000	1	2	24000	0	4	3	8	200000	3	0	-1	-1	60000	1	6
60000	1	2	24000	0	3	1	20	164500000	210	0	-1	-1	96700	3	6
60000	1	2	12000	0	4	3	20	42000000	800	0	-1	-1	60000	1	5
60000	1	2	12000	0	4	3	5	2700000	27	0	-1	-1	60000	1	5
60000	1	2	0	0	4	4	11	7003620	60	0	13	-1	0	0	7
60000	3	2	60000	0	1	5	-1	107300	-1	0	-1	117224	0	1	1
60000	5	2	60000	0	4	5	-1	0	-1	0	-1	24292	0	0	1
60000	1	2	24000	0	1	3	3	7000000	140	0	-1	-1	70000	2	6
59954	1	2	0	11	3	4	12	3400000	50	0	-1	3	3750	1	8
59921.3	7	3	0	0	4	4	5	2700000	35	0	-1	-1	0	0	8
59880	2	2	0	0	4	4	17	0	21	0	-1	-1	0	0	8
59750	1	2	59750	3	1	5	3	56300000	-1	0	-1	-1	0	0	1
59750	1	2	59750	3	1	5	3	56300000	-1	0	-1	-1	0	0	1
59747.25	1	2	0	19	4	4	8	280000	60	0	6	-1	0	0	8
59500	1	2	0	0	1	4	20	6800000	135	0	-1	-1	0	1	8
59481.5	1	2	0	10	4	4	-1	2100000	35	0	6	-1	0	0	8
59431	7	3	0	6	4	4	20	380000	15	0	-1	-1	0	0	8
59400	1	2	59400	0	4	5	13	21859000000	3500	0	-1	-1	0	0	1
59350	1	2	59350	3	3	5	20	11000000	125	0	-1	-1	189550	4	1
59350	1	2	59350	3	3	5	20	11000000	125	0	-1	-1	189550	4	1
59130	1	2	59130	2	1	5	-1	2600000	75	0	-1	-1	21250	4	1
59080	1	2	59080	2	1	5	3	0	500	0	35	-1	90784	6	1
59000	1	2	0	0	4	4	12	33000000	22	0	-1	-1	0	0	8
58920	2	2	0	0	4	4	12	1064656	23	0	-1	3	0	0	8
58859	1	2	58859	6	1	5	-1	220000000	400	0	-1	-1	110062.5	3	1
58787.51	7	3	0	16	4	4	-1	190000	21	0	-1	-1	0	0	8
58767.5	1	2	58767.5	14	4	5	-1	490000	9	0	-1	-1	82000	1	1
58709.27	1	2	58709.27	19	4	5	8	4400000	73	0	1	-1	50000	1	1
58650	1	2	0	0	4	4	20	6500000	75	0	-1	-1	0	0	8
58003.2	1	2	58003.2	4	1	5	20	32800000	295	0	-1	-1	0	0	1
58000	1	2	23200	0	4	1	9	1800000	25	0	-1	-1	58000	1	6
58000	1	2	40600	3	1	1	11	88600000	275	0	-1	-1	123000	4	3
58000	1	2	0	0	4	4	12	1400000	16	0	-1	-1	0	0	8
57820	1	2	57820	2	1	5	20	206815000	200	0	-1	-1	46400	3	1
57797.24	1	2	57797.24	5	1	5	12	5900000	64	0	-1	-1	0	0	1
57761.2	7	3	23104.48	18	4	3	5	1800000	13	0	-1	-1	57761.2	1	6
57600	1	2	0	0	4	4	8	1500000	105	0	-1	-1	75750	6	8
57600	1	2	0	6	4	4	8	1500000	105	0	-1	-1	75750	6	8
57536	1	2	0	0	4	4	-1	5000000	45	0	-1	-1	1612.92	1	8
57508.4	1	2	0	0	4	4	-1	3100000	90	0	5	25	0	0	8
57417.2	7	3	22966.88	18	4	3	20	490000	7	0	-1	-1	57417.2	1	6
57392.5	2	2	57392.5	17	4	5	12	0	11	0	-1	-1	0	0	1
57300	1	2	57300	1	1	5	-1	12755822576	25	0	-1	-1	182500	5	1
57000	1	2	0	0	3	4	-1	1000000	21	0	-1	-1	0	0	8
57000	7	3	0	0	4	4	3	8400000	-1	0	-1	-1	0	0	8
56980	1	2	0	0	4	4	-1	1800000	20	0	-1	-1	0	0	8
56962.5	1	2	0	2	1	4	-1	18200000	129	0	-1	-1	50000	1	8
56600	5	2	56600	0	4	5	-1	999000000	-1	0	-1	-1	27200	7	1